# Temperatura_=_20.0
# Concentracion g/m^3_=_10000.0
# C_Vs_to_Am_M_A/Vsm_=_254322799225.57578
# pendiente_HvsI_1/m_=_3716.3
# ordenada_HvsI_A/m_=_1297.0
# frecuencia_Hz_=_212074.58124264798
# Promedio de 45 ciclos

Tiempo_(s)	Campo_(V.s)	Magnetizacion_(V.s)	Campo_(kA/m)	Magnetizacion_(A/m)
0.000000e+00	-9.814615e-09	-1.280681e-09	-5.765678e+01	-3.324760e+02
1.000000e-08	-9.812776e-09	-1.279950e-09	-5.764599e+01	-3.322471e+02
2.000000e-08	-9.809158e-09	-1.278545e-09	-5.762473e+01	-3.319446e+02
3.000000e-08	-9.803982e-09	-1.277509e-09	-5.759432e+01	-3.315755e+02
4.000000e-08	-9.797270e-09	-1.277294e-09	-5.755490e+01	-3.311487e+02
5.000000e-08	-9.789033e-09	-1.276008e-09	-5.750651e+01	-3.306735e+02
6.000000e-08	-9.779003e-09	-1.273953e-09	-5.744760e+01	-3.301603e+02
7.000000e-08	-9.767079e-09	-1.273016e-09	-5.737754e+01	-3.296194e+02
8.000000e-08	-9.753358e-09	-1.272567e-09	-5.729695e+01	-3.290609e+02
9.000000e-08	-9.737523e-09	-1.269085e-09	-5.720393e+01	-3.284942e+02
1.000000e-07	-9.719509e-09	-1.256793e-09	-5.709810e+01	-3.279274e+02
1.100000e-07	-9.699682e-09	-1.248935e-09	-5.698163e+01	-3.273671e+02
1.200000e-07	-9.678270e-09	-1.260051e-09	-5.685584e+01	-3.268177e+02
1.300000e-07	-9.655402e-09	-1.264650e-09	-5.672150e+01	-3.262815e+02
1.400000e-07	-9.631342e-09	-1.256990e-09	-5.658016e+01	-3.257583e+02
1.500000e-07	-9.605841e-09	-1.258192e-09	-5.643035e+01	-3.252454e+02
1.600000e-07	-9.578562e-09	-1.245960e-09	-5.627010e+01	-3.247374e+02
1.700000e-07	-9.549828e-09	-1.243614e-09	-5.610130e+01	-3.242269e+02
1.800000e-07	-9.519580e-09	-1.261850e-09	-5.592361e+01	-3.237042e+02
1.900000e-07	-9.487722e-09	-1.251256e-09	-5.573646e+01	-3.231578e+02
2.000000e-07	-9.454437e-09	-1.250196e-09	-5.554092e+01	-3.225751e+02
2.100000e-07	-9.419476e-09	-1.276495e-09	-5.533554e+01	-3.219426e+02
2.200000e-07	-9.382828e-09	-1.269341e-09	-5.512025e+01	-3.212465e+02
2.300000e-07	-9.344601e-09	-1.258916e-09	-5.489569e+01	-3.204733e+02
2.400000e-07	-9.304613e-09	-1.279295e-09	-5.466078e+01	-3.196103e+02
2.500000e-07	-9.262828e-09	-1.270682e-09	-5.441531e+01	-3.186462e+02
2.600000e-07	-9.219300e-09	-1.252854e-09	-5.415960e+01	-3.175713e+02
2.700000e-07	-9.174093e-09	-1.262384e-09	-5.389403e+01	-3.163780e+02
2.800000e-07	-9.127274e-09	-1.258548e-09	-5.361899e+01	-3.150611e+02
2.900000e-07	-9.078660e-09	-1.238735e-09	-5.333341e+01	-3.136179e+02
3.000000e-07	-9.028042e-09	-1.239999e-09	-5.303606e+01	-3.120481e+02
3.100000e-07	-8.975463e-09	-1.245653e-09	-5.272718e+01	-3.103538e+02
3.200000e-07	-8.921122e-09	-1.223909e-09	-5.240795e+01	-3.085394e+02
3.300000e-07	-8.865228e-09	-1.208850e-09	-5.207960e+01	-3.066112e+02
3.400000e-07	-8.807734e-09	-1.210258e-09	-5.174185e+01	-3.045772e+02
3.500000e-07	-8.748544e-09	-1.203199e-09	-5.139413e+01	-3.024465e+02
3.600000e-07	-8.687735e-09	-1.192357e-09	-5.103690e+01	-3.002289e+02
3.700000e-07	-8.625431e-09	-1.183913e-09	-5.067089e+01	-2.979346e+02
3.800000e-07	-8.561640e-09	-1.177869e-09	-5.029615e+01	-2.955734e+02
3.900000e-07	-8.496222e-09	-1.168278e-09	-4.991185e+01	-2.931548e+02
4.000000e-07	-8.429127e-09	-1.156729e-09	-4.951770e+01	-2.906872e+02
4.100000e-07	-8.360487e-09	-1.147059e-09	-4.911446e+01	-2.881777e+02
4.200000e-07	-8.290488e-09	-1.135293e-09	-4.870325e+01	-2.856320e+02
4.300000e-07	-8.219152e-09	-1.125841e-09	-4.828418e+01	-2.830544e+02
4.400000e-07	-8.146315e-09	-1.119540e-09	-4.785630e+01	-2.804474e+02
4.500000e-07	-8.071827e-09	-1.111194e-09	-4.741872e+01	-2.778120e+02
4.600000e-07	-7.995659e-09	-1.097220e-09	-4.697127e+01	-2.751477e+02
4.700000e-07	-7.917930e-09	-1.083876e-09	-4.651464e+01	-2.724530e+02
4.800000e-07	-7.838703e-09	-1.074898e-09	-4.604922e+01	-2.697252e+02
4.900000e-07	-7.757988e-09	-1.063567e-09	-4.557506e+01	-2.669610e+02
5.000000e-07	-7.675934e-09	-1.051771e-09	-4.509302e+01	-2.641569e+02
5.100000e-07	-7.592697e-09	-1.041422e-09	-4.460404e+01	-2.613090e+02
5.200000e-07	-7.508333e-09	-1.030410e-09	-4.410843e+01	-2.584138e+02
5.300000e-07	-7.422872e-09	-1.018717e-09	-4.360638e+01	-2.554684e+02
5.400000e-07	-7.336349e-09	-1.006618e-09	-4.309810e+01	-2.524702e+02
5.500000e-07	-7.248659e-09	-9.938798e-10	-4.258295e+01	-2.494178e+02
5.600000e-07	-7.159662e-09	-9.806186e-10	-4.206013e+01	-2.463103e+02
5.700000e-07	-7.069404e-09	-9.685800e-10	-4.152991e+01	-2.431480e+02
5.800000e-07	-6.977932e-09	-9.571636e-10	-4.099255e+01	-2.399319e+02
5.900000e-07	-6.885246e-09	-9.454144e-10	-4.044806e+01	-2.366640e+02
6.000000e-07	-6.791423e-09	-9.326921e-10	-3.989689e+01	-2.333465e+02
6.100000e-07	-6.696437e-09	-9.182999e-10	-3.933889e+01	-2.299825e+02
6.200000e-07	-6.600180e-09	-9.041596e-10	-3.877342e+01	-2.265751e+02
6.300000e-07	-6.502609e-09	-8.915251e-10	-3.820023e+01	-2.231275e+02
6.400000e-07	-6.403744e-09	-8.792870e-10	-3.761944e+01	-2.196428e+02
6.500000e-07	-6.303674e-09	-8.665071e-10	-3.703158e+01	-2.161237e+02
6.600000e-07	-6.202510e-09	-8.529364e-10	-3.643728e+01	-2.125727e+02
6.700000e-07	-6.100321e-09	-8.388648e-10	-3.583696e+01	-2.089914e+02
6.800000e-07	-5.997030e-09	-8.249844e-10	-3.523017e+01	-2.053809e+02
6.900000e-07	-5.892563e-09	-8.105912e-10	-3.461647e+01	-2.017418e+02
7.000000e-07	-5.787002e-09	-7.950184e-10	-3.399635e+01	-1.980740e+02
7.100000e-07	-5.680388e-09	-7.793951e-10	-3.337004e+01	-1.943770e+02
7.200000e-07	-5.572671e-09	-7.647242e-10	-3.273725e+01	-1.906496e+02
7.300000e-07	-5.463878e-09	-7.507080e-10	-3.209813e+01	-1.868906e+02
7.400000e-07	-5.354159e-09	-7.365392e-10	-3.145358e+01	-1.830987e+02
7.500000e-07	-5.243538e-09	-7.216623e-10	-3.080373e+01	-1.792725e+02
7.600000e-07	-5.131920e-09	-7.062208e-10	-3.014802e+01	-1.754108e+02
7.700000e-07	-5.019297e-09	-6.911779e-10	-2.948640e+01	-1.715130e+02
7.800000e-07	-4.905718e-09	-6.766715e-10	-2.881918e+01	-1.675787e+02
7.900000e-07	-4.791257e-09	-6.612791e-10	-2.814677e+01	-1.636080e+02
8.000000e-07	-4.675900e-09	-6.448215e-10	-2.746910e+01	-1.596017e+02
8.100000e-07	-4.559601e-09	-6.287778e-10	-2.678590e+01	-1.555611e+02
8.200000e-07	-4.442422e-09	-6.137388e-10	-2.609752e+01	-1.514880e+02
8.300000e-07	-4.324485e-09	-5.988047e-10	-2.540469e+01	-1.473848e+02
8.400000e-07	-4.205851e-09	-5.828493e-10	-2.470776e+01	-1.432539e+02
8.500000e-07	-4.086482e-09	-5.661037e-10	-2.400652e+01	-1.390982e+02
8.600000e-07	-3.966393e-09	-5.495404e-10	-2.330105e+01	-1.349205e+02
8.700000e-07	-3.845653e-09	-5.335177e-10	-2.259175e+01	-1.307236e+02
8.800000e-07	-3.724301e-09	-5.173011e-10	-2.187886e+01	-1.265101e+02
8.900000e-07	-3.602373e-09	-5.002772e-10	-2.116259e+01	-1.222820e+02
9.000000e-07	-3.479873e-09	-4.832813e-10	-2.044295e+01	-1.180412e+02
9.100000e-07	-3.356797e-09	-4.669722e-10	-1.971993e+01	-1.137888e+02
9.200000e-07	-3.233149e-09	-4.511816e-10	-1.899356e+01	-1.095255e+02
9.300000e-07	-3.108933e-09	-4.351817e-10	-1.826384e+01	-1.052512e+02
9.400000e-07	-2.984163e-09	-4.183264e-10	-1.753086e+01	-1.009656e+02
9.500000e-07	-2.858876e-09	-4.010254e-10	-1.679485e+01	-9.666776e+01
9.600000e-07	-2.733132e-09	-3.839545e-10	-1.605616e+01	-9.235641e+01
9.700000e-07	-2.606971e-09	-3.672872e-10	-1.531501e+01	-8.803009e+01
9.800000e-07	-2.480385e-09	-3.503022e-10	-1.457137e+01	-8.368726e+01
9.900000e-07	-2.353342e-09	-3.325968e-10	-1.382504e+01	-7.932641e+01
1.000000e-06	-2.225824e-09	-3.147374e-10	-1.307593e+01	-7.494626e+01
1.010000e-06	-2.097853e-09	-2.976144e-10	-1.232415e+01	-7.054581e+01
1.020000e-06	-1.969475e-09	-2.813439e-10	-1.156999e+01	-6.612453e+01
1.030000e-06	-1.840727e-09	-2.645941e-10	-1.081365e+01	-6.168233e+01
1.040000e-06	-1.711641e-09	-2.468835e-10	-1.005532e+01	-5.721970e+01
1.050000e-06	-1.582245e-09	-2.291074e-10	-9.295176e+00	-5.273765e+01
1.060000e-06	-1.452542e-09	-2.116515e-10	-8.533226e+00	-4.823771e+01
1.070000e-06	-1.322544e-09	-1.941472e-10	-7.769539e+00	-4.372188e+01
1.080000e-06	-1.192282e-09	-1.761374e-10	-7.004307e+00	-3.919252e+01
1.090000e-06	-1.061787e-09	-1.580717e-10	-6.237698e+00	-3.465224e+01
1.100000e-06	-9.310824e-10	-1.405096e-10	-5.469867e+00	-3.010381e+01
1.110000e-06	-8.002015e-10	-1.234833e-10	-4.700997e+00	-2.555000e+01
1.120000e-06	-6.691615e-10	-1.065902e-10	-3.931193e+00	-2.099346e+01
1.130000e-06	-5.379821e-10	-8.876854e-11	-3.160570e+00	-1.643663e+01
1.140000e-06	-4.066940e-10	-7.025113e-11	-2.389309e+00	-1.188161e+01
1.150000e-06	-2.753384e-10	-5.191877e-11	-1.617650e+00	-7.330100e+00
1.160000e-06	-1.439485e-10	-3.387033e-11	-8.457906e-01	-2.783378e+00
1.170000e-06	-1.255782e-11	-1.582666e-11	-7.392634e-02	1.757743e+00
1.180000e-06	1.188002e-10	2.364256e-12	6.977461e-01	6.292875e+00
1.190000e-06	2.501109e-10	2.008002e-11	1.469141e+00	1.082202e+01
1.200000e-06	3.813335e-10	3.712229e-11	2.240017e+00	1.534547e+01
1.210000e-06	5.124434e-10	5.392576e-11	3.010231e+00	1.986376e+01
1.220000e-06	6.434316e-10	7.123436e-11	3.779731e+00	2.437752e+01
1.230000e-06	7.742575e-10	8.951160e-11	4.548278e+00	2.888737e+01
1.240000e-06	9.048840e-10	1.079945e-10	5.315653e+00	3.339383e+01
1.250000e-06	1.035298e-09	1.259025e-10	6.081783e+00	3.789721e+01
1.260000e-06	1.165492e-09	1.432213e-10	6.846614e+00	4.239751e+01
1.270000e-06	1.295440e-09	1.605191e-10	7.610008e+00	4.689438e+01
1.280000e-06	1.425131e-09	1.781718e-10	8.371887e+00	5.138708e+01
1.290000e-06	1.554551e-09	1.955370e-10	9.132176e+00	5.587449e+01
1.300000e-06	1.683664e-09	2.122228e-10	9.890664e+00	6.035508e+01
1.310000e-06	1.812469e-09	2.287883e-10	1.064734e+01	6.482702e+01
1.320000e-06	1.940964e-09	2.462239e-10	1.140219e+01	6.928822e+01
1.330000e-06	2.069127e-09	2.642748e-10	1.215509e+01	7.373642e+01
1.340000e-06	2.196917e-09	2.821288e-10	1.290580e+01	7.816927e+01
1.350000e-06	2.324298e-09	2.994415e-10	1.365412e+01	8.258449e+01
1.360000e-06	2.451259e-09	3.162606e-10	1.439996e+01	8.697992e+01
1.370000e-06	2.577804e-09	3.332659e-10	1.514336e+01	9.135361e+01
1.380000e-06	2.703963e-09	3.504790e-10	1.588450e+01	9.570392e+01
1.390000e-06	2.829752e-09	3.669544e-10	1.662346e+01	1.000296e+02
1.400000e-06	2.955153e-09	3.824881e-10	1.736014e+01	1.043296e+02
1.410000e-06	3.080109e-09	3.983064e-10	1.809421e+01	1.086036e+02
1.420000e-06	3.204551e-09	4.152619e-10	1.882526e+01	1.128512e+02
1.430000e-06	3.328430e-09	4.324063e-10	1.955300e+01	1.170726e+02
1.440000e-06	3.451713e-09	4.489281e-10	2.027724e+01	1.212681e+02
1.450000e-06	3.574409e-09	4.653561e-10	2.099803e+01	1.254381e+02
1.460000e-06	3.696531e-09	4.816931e-10	2.171544e+01	1.295832e+02
1.470000e-06	3.818053e-09	4.976534e-10	2.242934e+01	1.337037e+02
1.480000e-06	3.938941e-09	5.135980e-10	2.313950e+01	1.378000e+02
1.490000e-06	4.059136e-09	5.290896e-10	2.384559e+01	1.418720e+02
1.500000e-06	4.178567e-09	5.440329e-10	2.454720e+01	1.459195e+02
1.510000e-06	4.297206e-09	5.594615e-10	2.524416e+01	1.499418e+02
1.520000e-06	4.415083e-09	5.754763e-10	2.593664e+01	1.539380e+02
1.530000e-06	4.532159e-09	5.912254e-10	2.662442e+01	1.579066e+02
1.540000e-06	4.648327e-09	6.062759e-10	2.730685e+01	1.618461e+02
1.550000e-06	4.763536e-09	6.211692e-10	2.798365e+01	1.657544e+02
1.560000e-06	4.877793e-09	6.362253e-10	2.865486e+01	1.696296e+02
1.570000e-06	4.991102e-09	6.516031e-10	2.932050e+01	1.734693e+02
1.580000e-06	5.103433e-09	6.666791e-10	2.998040e+01	1.772714e+02
1.590000e-06	5.214760e-09	6.807477e-10	3.063440e+01	1.810339e+02
1.600000e-06	5.325130e-09	6.943305e-10	3.128278e+01	1.847549e+02
1.610000e-06	5.434632e-09	7.077113e-10	3.192607e+01	1.884330e+02
1.620000e-06	5.543234e-09	7.212721e-10	3.256406e+01	1.920669e+02
1.630000e-06	5.650820e-09	7.353519e-10	3.319609e+01	1.956559e+02
1.640000e-06	5.757344e-09	7.497173e-10	3.382188e+01	1.991997e+02
1.650000e-06	5.862815e-09	7.639388e-10	3.444147e+01	2.026983e+02
1.660000e-06	5.967197e-09	7.778274e-10	3.505467e+01	2.061522e+02
1.670000e-06	6.070436e-09	7.915554e-10	3.566116e+01	2.095622e+02
1.680000e-06	6.172586e-09	8.047358e-10	3.626125e+01	2.129291e+02
1.690000e-06	6.273713e-09	8.170486e-10	3.685533e+01	2.162539e+02
1.700000e-06	6.373738e-09	8.289002e-10	3.744294e+01	2.195377e+02
1.710000e-06	6.472568e-09	8.412902e-10	3.802352e+01	2.227815e+02
1.720000e-06	6.570208e-09	8.546047e-10	3.859712e+01	2.259859e+02
1.730000e-06	6.666639e-09	8.680674e-10	3.916361e+01	2.291513e+02
1.740000e-06	6.761851e-09	8.809270e-10	3.972294e+01	2.322778e+02
1.750000e-06	6.855939e-09	8.931882e-10	4.027567e+01	2.353650e+02
1.760000e-06	6.948991e-09	9.052861e-10	4.082232e+01	2.384123e+02
1.770000e-06	7.040951e-09	9.170315e-10	4.136255e+01	2.414186e+02
1.780000e-06	7.131688e-09	9.281073e-10	4.189559e+01	2.443825e+02
1.790000e-06	7.221156e-09	9.390602e-10	4.242118e+01	2.473024e+02
1.800000e-06	7.309311e-09	9.502730e-10	4.293906e+01	2.501765e+02
1.810000e-06	7.396169e-09	9.616388e-10	4.344931e+01	2.530032e+02
1.820000e-06	7.481850e-09	9.731959e-10	4.395265e+01	2.557808e+02
1.830000e-06	7.566408e-09	9.846953e-10	4.444940e+01	2.585079e+02
1.840000e-06	7.649762e-09	9.957113e-10	4.493908e+01	2.611835e+02
1.850000e-06	7.731821e-09	1.006233e-09	4.542114e+01	2.638070e+02
1.860000e-06	7.812484e-09	1.016399e-09	4.589500e+01	2.663783e+02
1.870000e-06	7.891699e-09	1.026284e-09	4.636036e+01	2.688978e+02
1.880000e-06	7.969520e-09	1.036252e-09	4.681752e+01	2.713664e+02
1.890000e-06	8.045937e-09	1.046096e-09	4.726644e+01	2.737855e+02
1.900000e-06	8.120820e-09	1.055652e-09	4.770635e+01	2.761568e+02
1.910000e-06	8.194086e-09	1.065526e-09	4.813676e+01	2.784824e+02
1.920000e-06	8.265768e-09	1.075686e-09	4.855786e+01	2.807646e+02
1.930000e-06	8.335956e-09	1.085479e-09	4.897019e+01	2.830057e+02
1.940000e-06	8.404742e-09	1.094631e-09	4.937428e+01	2.852076e+02
1.950000e-06	8.472067e-09	1.103609e-09	4.976979e+01	2.873723e+02
1.960000e-06	8.537778e-09	1.112551e-09	5.015582e+01	2.895010e+02
1.970000e-06	8.601869e-09	1.121525e-09	5.053233e+01	2.915948e+02
1.980000e-06	8.664475e-09	1.130192e-09	5.090011e+01	2.936538e+02
1.990000e-06	8.725698e-09	1.138312e-09	5.125977e+01	2.956775e+02
2.000000e-06	8.785540e-09	1.146715e-09	5.161133e+01	2.976649e+02
2.010000e-06	8.843821e-09	1.155491e-09	5.195370e+01	2.996142e+02
2.020000e-06	8.900382e-09	1.163823e-09	5.228598e+01	3.015232e+02
2.030000e-06	8.955305e-09	1.171519e-09	5.260863e+01	3.033891e+02
2.040000e-06	9.008639e-09	1.178852e-09	5.292195e+01	3.052088e+02
2.050000e-06	9.060223e-09	1.185990e-09	5.322498e+01	3.069793e+02
2.060000e-06	9.109896e-09	1.193194e-09	5.351679e+01	3.086974e+02
2.070000e-06	9.157771e-09	1.200307e-09	5.379804e+01	3.103603e+02
2.080000e-06	9.204069e-09	1.206891e-09	5.407002e+01	3.119655e+02
2.090000e-06	9.248921e-09	1.213016e-09	5.433351e+01	3.135110e+02
2.100000e-06	9.292298e-09	1.219290e-09	5.458833e+01	3.149956e+02
2.110000e-06	9.333934e-09	1.225623e-09	5.483293e+01	3.164186e+02
2.120000e-06	9.373852e-09	1.231717e-09	5.506744e+01	3.177801e+02
2.130000e-06	9.412251e-09	1.237688e-09	5.529301e+01	3.190809e+02
2.140000e-06	9.449160e-09	1.243219e-09	5.550984e+01	3.203223e+02
2.150000e-06	9.484559e-09	1.248271e-09	5.571780e+01	3.215061e+02
2.160000e-06	9.518208e-09	1.252957e-09	5.591547e+01	3.226345e+02
2.170000e-06	9.550112e-09	1.257160e-09	5.610290e+01	3.237095e+02
2.180000e-06	9.580469e-09	1.261217e-09	5.628124e+01	3.247333e+02
2.190000e-06	9.609337e-09	1.265607e-09	5.645083e+01	3.257075e+02
2.200000e-06	9.636657e-09	1.270411e-09	5.661132e+01	3.266334e+02
2.210000e-06	9.662109e-09	1.275035e-09	5.676085e+01	3.275114e+02
2.220000e-06	9.685716e-09	1.278810e-09	5.689953e+01	3.283412e+02
2.230000e-06	9.707717e-09	1.281639e-09	5.702878e+01	3.291214e+02
2.240000e-06	9.728198e-09	1.283794e-09	5.714910e+01	3.298500e+02
2.250000e-06	9.747143e-09	1.285754e-09	5.726039e+01	3.305239e+02
2.260000e-06	9.764308e-09	1.287881e-09	5.736124e+01	3.311392e+02
2.270000e-06	9.779610e-09	1.289953e-09	5.745113e+01	3.316916e+02
2.280000e-06	9.793134e-09	1.291804e-09	5.753058e+01	3.321764e+02
2.290000e-06	9.804805e-09	1.293644e-09	5.759914e+01	3.325887e+02
2.300000e-06	9.814434e-09	1.295401e-09	5.765571e+01	3.329241e+02
2.310000e-06	9.822175e-09	1.296357e-09	5.770119e+01	3.331786e+02
2.320000e-06	9.828262e-09	1.296165e-09	5.773695e+01	3.333490e+02
2.330000e-06	9.832749e-09	1.295621e-09	5.776331e+01	3.334334e+02
2.340000e-06	9.835527e-09	1.295427e-09	5.777963e+01	3.334314e+02
2.350000e-06	9.836400e-09	1.295517e-09	5.778476e+01	3.333439e+02
2.360000e-06	9.835530e-09	1.295442e-09	5.777965e+01	3.331738e+02
2.370000e-06	9.833112e-09	1.294943e-09	5.776545e+01	3.329256e+02
2.380000e-06	9.829226e-09	1.294576e-09	5.774263e+01	3.326053e+02
2.390000e-06	9.823668e-09	1.293695e-09	5.770998e+01	3.322206e+02
2.400000e-06	9.816276e-09	1.291735e-09	5.766655e+01	3.317803e+02
2.410000e-06	9.807303e-09	1.290010e-09	5.761384e+01	3.312943e+02
2.420000e-06	9.796856e-09	1.288330e-09	5.755247e+01	3.307729e+02
2.430000e-06	9.784744e-09	1.284810e-09	5.748132e+01	3.302263e+02
2.440000e-06	9.770678e-09	1.282012e-09	5.739869e+01	3.296646e+02
2.450000e-06	9.754498e-09	1.291019e-09	5.730364e+01	3.290968e+02
2.460000e-06	9.736075e-09	1.297346e-09	5.719542e+01	3.285307e+02
2.470000e-06	9.715375e-09	1.278237e-09	5.707382e+01	3.279724e+02
2.480000e-06	9.692781e-09	1.262168e-09	5.694109e+01	3.274258e+02
2.490000e-06	9.669147e-09	1.260010e-09	5.680225e+01	3.268926e+02
2.500000e-06	9.644754e-09	1.264332e-09	5.665895e+01	3.263720e+02
2.510000e-06	9.618797e-09	1.280767e-09	5.650647e+01	3.258605e+02
2.520000e-06	9.591256e-09	1.273241e-09	5.634467e+01	3.253524e+02
2.530000e-06	9.562450e-09	1.268210e-09	5.617545e+01	3.248394e+02
2.540000e-06	9.531651e-09	1.295945e-09	5.599452e+01	3.243116e+02
2.550000e-06	9.498912e-09	1.295464e-09	5.580219e+01	3.237570e+02
2.560000e-06	9.464766e-09	1.282846e-09	5.560160e+01	3.231628e+02
2.570000e-06	9.429088e-09	1.303357e-09	5.539201e+01	3.225153e+02
2.580000e-06	9.391923e-09	1.304291e-09	5.517368e+01	3.218007e+02
2.590000e-06	9.352997e-09	1.293405e-09	5.494501e+01	3.210059e+02
2.600000e-06	9.312183e-09	1.308143e-09	5.470525e+01	3.201182e+02
2.610000e-06	9.269839e-09	1.293703e-09	5.445650e+01	3.191269e+02
2.620000e-06	9.225884e-09	1.275273e-09	5.419828e+01	3.180226e+02
2.630000e-06	9.180370e-09	1.277761e-09	5.393091e+01	3.167985e+02
2.640000e-06	9.133216e-09	1.274985e-09	5.365390e+01	3.154499e+02
2.650000e-06	9.084141e-09	1.262589e-09	5.336561e+01	3.139746e+02
2.660000e-06	9.033386e-09	1.245504e-09	5.306745e+01	3.123730e+02
2.670000e-06	8.980840e-09	1.252899e-09	5.275876e+01	3.106478e+02
2.680000e-06	8.926359e-09	1.249987e-09	5.243872e+01	3.088039e+02
2.690000e-06	8.870132e-09	1.232702e-09	5.210841e+01	3.068481e+02
2.700000e-06	8.812265e-09	1.222862e-09	5.176846e+01	3.047887e+02
2.710000e-06	8.752933e-09	1.212954e-09	5.141991e+01	3.026350e+02
2.720000e-06	8.691998e-09	1.210816e-09	5.106195e+01	3.003969e+02
2.730000e-06	8.629377e-09	1.195502e-09	5.069408e+01	2.980845e+02
2.740000e-06	8.565164e-09	1.186768e-09	5.031686e+01	2.957078e+02
2.750000e-06	8.499389e-09	1.185076e-09	4.993046e+01	2.932758e+02
2.760000e-06	8.432190e-09	1.169783e-09	4.953569e+01	2.907968e+02
2.770000e-06	8.363472e-09	1.163073e-09	4.913200e+01	2.882774e+02
2.780000e-06	8.293137e-09	1.154747e-09	4.871882e+01	2.857231e+02
2.790000e-06	8.221229e-09	1.140959e-09	4.829640e+01	2.831376e+02
2.800000e-06	8.147849e-09	1.127069e-09	4.786532e+01	2.805231e+02
2.810000e-06	8.073110e-09	1.120235e-09	4.742626e+01	2.778802e+02
2.820000e-06	7.996890e-09	1.114225e-09	4.697850e+01	2.752081e+02
2.830000e-06	7.919111e-09	1.100176e-09	4.652159e+01	2.725050e+02
2.840000e-06	7.839787e-09	1.089713e-09	4.605560e+01	2.697681e+02
2.850000e-06	7.759057e-09	1.076894e-09	4.558134e+01	2.669939e+02
2.860000e-06	7.677090e-09	1.064447e-09	4.509982e+01	2.641788e+02
2.870000e-06	7.593882e-09	1.053200e-09	4.461101e+01	2.613191e+02
2.880000e-06	7.509431e-09	1.041887e-09	4.411489e+01	2.584113e+02
2.890000e-06	7.423735e-09	1.031335e-09	4.361147e+01	2.554525e+02
2.900000e-06	7.336706e-09	1.018845e-09	4.310022e+01	2.524405e+02
2.910000e-06	7.248296e-09	1.007449e-09	4.258084e+01	2.493740e+02
2.920000e-06	7.158660e-09	9.948451e-10	4.205427e+01	2.462524e+02
2.930000e-06	7.067931e-09	9.808950e-10	4.152127e+01	2.430761e+02
2.940000e-06	6.976002e-09	9.659176e-10	4.098123e+01	2.398465e+02
2.950000e-06	6.882880e-09	9.538230e-10	4.043418e+01	2.365656e+02
2.960000e-06	6.788629e-09	9.437270e-10	3.988050e+01	2.332358e+02
2.970000e-06	6.693149e-09	9.313898e-10	3.931959e+01	2.298603e+02
2.980000e-06	6.596378e-09	9.181191e-10	3.875111e+01	2.264422e+02
2.990000e-06	6.498479e-09	9.036268e-10	3.817599e+01	2.229847e+02
3.000000e-06	6.399586e-09	8.889875e-10	3.759503e+01	2.194908e+02
3.010000e-06	6.299560e-09	8.751849e-10	3.700742e+01	2.159632e+02
3.020000e-06	6.198315e-09	8.608166e-10	3.641265e+01	2.124040e+02
3.030000e-06	6.095887e-09	8.453199e-10	3.581094e+01	2.088150e+02
3.040000e-06	5.992227e-09	8.310628e-10	3.520198e+01	2.051970e+02
3.050000e-06	5.887359e-09	8.187241e-10	3.458592e+01	2.015504e+02
3.060000e-06	5.781457e-09	8.056681e-10	3.396379e+01	1.978750e+02
3.070000e-06	5.674609e-09	7.903746e-10	3.333610e+01	1.941701e+02
3.080000e-06	5.566741e-09	7.740430e-10	3.270242e+01	1.904346e+02
3.090000e-06	5.457870e-09	7.583252e-10	3.206285e+01	1.866671e+02
3.100000e-06	5.348110e-09	7.438545e-10	3.141806e+01	1.828664e+02
3.110000e-06	5.237413e-09	7.294444e-10	3.076776e+01	1.790311e+02
3.120000e-06	5.125708e-09	7.138160e-10	3.011155e+01	1.751601e+02
3.130000e-06	5.013020e-09	6.974068e-10	2.944956e+01	1.712528e+02
3.140000e-06	4.899401e-09	6.815647e-10	2.878209e+01	1.673090e+02
3.150000e-06	4.784822e-09	6.665883e-10	2.810900e+01	1.633289e+02
3.160000e-06	4.669257e-09	6.511536e-10	2.743010e+01	1.593136e+02
3.170000e-06	4.552781e-09	6.347487e-10	2.674586e+01	1.552643e+02
3.180000e-06	4.435482e-09	6.181020e-10	2.605678e+01	1.511831e+02
3.190000e-06	4.317400e-09	6.019942e-10	2.536311e+01	1.470723e+02
3.200000e-06	4.198549e-09	5.861469e-10	2.466491e+01	1.429346e+02
3.210000e-06	4.078959e-09	5.696511e-10	2.396237e+01	1.387727e+02
3.220000e-06	3.958641e-09	5.522611e-10	2.325555e+01	1.345896e+02
3.230000e-06	3.837629e-09	5.349117e-10	2.254466e+01	1.303880e+02
3.240000e-06	3.716032e-09	5.187128e-10	2.183032e+01	1.261703e+02
3.250000e-06	3.593906e-09	5.030977e-10	2.111288e+01	1.219386e+02
3.260000e-06	3.471238e-09	4.868848e-10	2.039225e+01	1.176944e+02
3.270000e-06	3.348003e-09	4.696854e-10	1.966830e+01	1.134389e+02
3.280000e-06	3.224163e-09	4.520473e-10	1.894079e+01	1.091725e+02
3.290000e-06	3.099742e-09	4.347454e-10	1.820987e+01	1.048951e+02
3.300000e-06	2.974802e-09	4.178307e-10	1.747591e+01	1.006061e+02
3.310000e-06	2.849369e-09	4.007463e-10	1.673904e+01	9.630467e+01
3.320000e-06	2.723457e-09	3.831793e-10	1.599936e+01	9.198936e+01
3.330000e-06	2.597096e-09	3.658798e-10	1.525705e+01	8.765870e+01
3.340000e-06	2.470293e-09	3.493890e-10	1.451213e+01	8.331113e+01
3.350000e-06	2.343029e-09	3.328323e-10	1.376451e+01	7.894521e+01
3.360000e-06	2.215299e-09	3.150745e-10	1.301416e+01	7.455970e+01
3.370000e-06	2.087102e-09	2.963909e-10	1.226105e+01	7.015371e+01
3.380000e-06	1.958470e-09	2.780998e-10	1.150539e+01	6.572682e+01
3.390000e-06	1.829455e-09	2.606923e-10	1.074748e+01	6.127909e+01
3.400000e-06	1.700115e-09	2.431744e-10	9.987654e+00	5.681113e+01
3.410000e-06	1.570495e-09	2.248232e-10	9.226189e+00	5.232408e+01
3.420000e-06	1.440604e-09	2.062571e-10	8.463129e+00	4.781961e+01
3.430000e-06	1.310447e-09	1.884685e-10	7.698505e+00	4.329980e+01
3.440000e-06	1.180044e-09	1.714467e-10	6.932438e+00	3.876709e+01
3.450000e-06	1.049422e-09	1.539233e-10	6.165088e+00	3.422415e+01
3.460000e-06	9.186046e-10	1.352841e-10	5.396586e+00	2.967376e+01
3.470000e-06	7.876015e-10	1.165082e-10	4.626996e+00	2.511866e+01
3.480000e-06	6.564233e-10	9.852516e-11	3.856377e+00	2.056147e+01
3.490000e-06	5.251043e-10	8.102657e-11	3.084932e+00	1.600455e+01
3.500000e-06	3.937013e-10	6.298962e-11	2.312993e+00	1.144990e+01
3.510000e-06	2.622460e-10	4.428143e-11	1.540747e+00	6.899127e+00
3.520000e-06	1.307556e-10	2.590661e-11	7.682947e-01	2.353384e+00
3.530000e-06	-7.304847e-13	8.161979e-12	-4.132119e-03	-2.186621e+00
3.540000e-06	-1.321784e-10	-9.335398e-12	-7.763348e-01	-6.720604e+00
3.550000e-06	-2.635603e-10	-2.713213e-11	-1.548149e+00	-1.124865e+01
3.560000e-06	-3.948487e-10	-4.541091e-11	-2.319415e+00	-1.577112e+01
3.570000e-06	-5.260241e-10	-6.365101e-11	-3.090018e+00	-2.028857e+01
3.580000e-06	-6.570464e-10	-8.137822e-11	-3.859721e+00	-2.480166e+01
3.590000e-06	-7.878747e-10	-9.912797e-11	-4.628285e+00	-2.931099e+01
3.600000e-06	-9.185019e-10	-1.176901e-10	-5.395669e+00	-3.381702e+01
3.610000e-06	-1.048922e-09	-1.365293e-10	-6.161835e+00	-3.832000e+01
3.620000e-06	-1.179137e-09	-1.545044e-10	-6.926799e+00	-4.281985e+01
3.630000e-06	-1.309137e-09	-1.713231e-10	-7.690499e+00	-4.731612e+01
3.640000e-06	-1.438890e-09	-1.878680e-10	-8.452748e+00	-5.180799e+01
3.650000e-06	-1.568387e-09	-2.051566e-10	-9.213495e+00	-5.629421e+01
3.660000e-06	-1.697616e-09	-2.234149e-10	-9.972666e+00	-6.077318e+01
3.670000e-06	-1.826552e-09	-2.418014e-10	-1.073012e+01	-6.524301e+01
3.680000e-06	-1.955164e-09	-2.596810e-10	-1.148566e+01	-6.970153e+01
3.690000e-06	-2.083404e-09	-2.777113e-10	-1.223902e+01	-7.414647e+01
3.700000e-06	-2.211240e-09	-2.958870e-10	-1.299000e+01	-7.857549e+01
3.710000e-06	-2.338670e-09	-3.133387e-10	-1.373860e+01	-8.298632e+01
3.720000e-06	-2.465696e-09	-3.297450e-10	-1.448483e+01	-8.737684e+01
3.730000e-06	-2.592316e-09	-3.458478e-10	-1.522867e+01	-9.174519e+01
3.740000e-06	-2.718518e-09	-3.627606e-10	-1.597005e+01	-9.608981e+01
3.750000e-06	-2.844285e-09	-3.805569e-10	-1.670888e+01	-1.004095e+02
3.760000e-06	-2.969602e-09	-3.985946e-10	-1.744506e+01	-1.047034e+02
3.770000e-06	-3.094436e-09	-4.159335e-10	-1.817841e+01	-1.089711e+02
3.780000e-06	-3.218752e-09	-4.328568e-10	-1.890871e+01	-1.132125e+02
3.790000e-06	-3.342496e-09	-4.495176e-10	-1.963565e+01	-1.174278e+02
3.800000e-06	-3.465621e-09	-4.656619e-10	-2.035896e+01	-1.216172e+02
3.810000e-06	-3.588136e-09	-4.814551e-10	-2.107869e+01	-1.257813e+02
3.820000e-06	-3.710084e-09	-4.971983e-10	-2.179509e+01	-1.299206e+02
3.830000e-06	-3.831460e-09	-5.135920e-10	-2.250812e+01	-1.340354e+02
3.840000e-06	-3.952169e-09	-5.304298e-10	-2.321724e+01	-1.381260e+02
3.850000e-06	-4.072128e-09	-5.473449e-10	-2.392195e+01	-1.421923e+02
3.860000e-06	-4.191293e-09	-5.641580e-10	-2.462199e+01	-1.462339e+02
3.870000e-06	-4.309658e-09	-5.805935e-10	-2.531734e+01	-1.502502e+02
3.880000e-06	-4.427225e-09	-5.966132e-10	-2.600799e+01	-1.542399e+02
3.890000e-06	-4.543957e-09	-6.123793e-10	-2.669374e+01	-1.582018e+02
3.900000e-06	-4.659755e-09	-6.275743e-10	-2.737400e+01	-1.621341e+02
3.910000e-06	-4.774500e-09	-6.425417e-10	-2.804808e+01	-1.660347e+02
3.920000e-06	-4.888180e-09	-6.577724e-10	-2.871590e+01	-1.699015e+02
3.930000e-06	-5.000855e-09	-6.733746e-10	-2.937781e+01	-1.737324e+02
3.940000e-06	-5.112542e-09	-6.890811e-10	-3.003393e+01	-1.775252e+02
3.950000e-06	-5.223229e-09	-7.040893e-10	-3.068416e+01	-1.812778e+02
3.960000e-06	-5.332922e-09	-7.186548e-10	-3.132857e+01	-1.849886e+02
3.970000e-06	-5.441678e-09	-7.330231e-10	-3.196747e+01	-1.886560e+02
3.980000e-06	-5.549535e-09	-7.471566e-10	-3.260109e+01	-1.922791e+02
3.990000e-06	-5.656475e-09	-7.614894e-10	-3.322932e+01	-1.958572e+02
4.000000e-06	-5.762503e-09	-7.758642e-10	-3.385219e+01	-1.993901e+02
4.010000e-06	-5.867560e-09	-7.898011e-10	-3.446936e+01	-2.028778e+02
4.020000e-06	-5.971508e-09	-8.034677e-10	-3.508002e+01	-2.063211e+02
4.030000e-06	-6.074291e-09	-8.171480e-10	-3.568382e+01	-2.097205e+02
4.040000e-06	-6.175951e-09	-8.309849e-10	-3.628103e+01	-2.130771e+02
4.050000e-06	-6.276499e-09	-8.445792e-10	-3.687171e+01	-2.163920e+02
4.060000e-06	-6.375925e-09	-8.575104e-10	-3.745580e+01	-2.196661e+02
4.070000e-06	-6.474281e-09	-8.700098e-10	-3.803360e+01	-2.229003e+02
4.080000e-06	-6.571634e-09	-8.826802e-10	-3.860551e+01	-2.260953e+02
4.090000e-06	-6.667958e-09	-8.957350e-10	-3.917138e+01	-2.292513e+02
4.100000e-06	-6.763157e-09	-9.078580e-10	-3.973063e+01	-2.323684e+02
4.110000e-06	-6.857186e-09	-9.191202e-10	-4.028302e+01	-2.354461e+02
4.120000e-06	-6.950003e-09	-9.306290e-10	-4.082828e+01	-2.384837e+02
4.130000e-06	-7.041556e-09	-9.425175e-10	-4.136612e+01	-2.414799e+02
4.140000e-06	-7.131895e-09	-9.543179e-10	-4.189682e+01	-2.444332e+02
4.150000e-06	-7.221077e-09	-9.654243e-10	-4.242073e+01	-2.473422e+02
4.160000e-06	-7.309057e-09	-9.762842e-10	-4.293758e+01	-2.502050e+02
4.170000e-06	-7.395755e-09	-9.867628e-10	-4.344689e+01	-2.530199e+02
4.180000e-06	-7.481150e-09	-9.969125e-10	-4.394855e+01	-2.557853e+02
4.190000e-06	-7.565239e-09	-1.006889e-09	-4.444254e+01	-2.585000e+02
4.200000e-06	-7.648053e-09	-1.017052e-09	-4.492905e+01	-2.611630e+02
4.210000e-06	-7.729639e-09	-1.027833e-09	-4.540833e+01	-2.637739e+02
4.220000e-06	-7.809938e-09	-1.038385e-09	-4.588006e+01	-2.663325e+02
4.230000e-06	-7.888802e-09	-1.048418e-09	-4.634335e+01	-2.688395e+02
4.240000e-06	-7.966120e-09	-1.057925e-09	-4.679756e+01	-2.712959e+02
4.250000e-06	-8.041865e-09	-1.066529e-09	-4.724253e+01	-2.737032e+02
4.260000e-06	-8.116100e-09	-1.074332e-09	-4.767864e+01	-2.760633e+02
4.270000e-06	-8.188930e-09	-1.082093e-09	-4.810648e+01	-2.783782e+02
4.280000e-06	-8.260319e-09	-1.090609e-09	-4.852587e+01	-2.806503e+02
4.290000e-06	-8.330166e-09	-1.099439e-09	-4.893619e+01	-2.828817e+02
4.300000e-06	-8.398454e-09	-1.107911e-09	-4.933735e+01	-2.850746e+02
4.310000e-06	-8.465267e-09	-1.116160e-09	-4.972986e+01	-2.872305e+02
4.320000e-06	-8.530678e-09	-1.124218e-09	-5.011412e+01	-2.893508e+02
4.330000e-06	-8.594665e-09	-1.131829e-09	-5.049002e+01	-2.914363e+02
4.340000e-06	-8.657079e-09	-1.138828e-09	-5.085667e+01	-2.934868e+02
4.350000e-06	-8.717812e-09	-1.145422e-09	-5.121346e+01	-2.955020e+02
4.360000e-06	-8.776964e-09	-1.152142e-09	-5.156096e+01	-2.974804e+02
4.370000e-06	-8.834649e-09	-1.159321e-09	-5.189984e+01	-2.994203e+02
4.380000e-06	-8.890867e-09	-1.166561e-09	-5.223009e+01	-3.013191e+02
4.390000e-06	-8.945429e-09	-1.173361e-09	-5.255062e+01	-3.031741e+02
4.400000e-06	-8.998122e-09	-1.179730e-09	-5.286017e+01	-3.049822e+02
4.410000e-06	-9.048986e-09	-1.186016e-09	-5.315897e+01	-3.067402e+02
4.420000e-06	-9.098000e-09	-1.192147e-09	-5.344691e+01	-3.084451e+02
4.430000e-06	-9.145155e-09	-1.197655e-09	-5.372393e+01	-3.100942e+02
4.440000e-06	-9.190762e-09	-1.202657e-09	-5.399185e+01	-3.116849e+02
4.450000e-06	-9.235035e-09	-1.207679e-09	-5.425194e+01	-3.132157e+02
4.460000e-06	-9.277958e-09	-1.212917e-09	-5.450410e+01	-3.146853e+02
4.470000e-06	-9.319459e-09	-1.218274e-09	-5.474790e+01	-3.160932e+02
4.480000e-06	-9.359514e-09	-1.223375e-09	-5.498321e+01	-3.174398e+02
4.490000e-06	-9.397952e-09	-1.227924e-09	-5.520902e+01	-3.187260e+02
4.500000e-06	-9.434609e-09	-1.232388e-09	-5.542437e+01	-3.199532e+02
4.510000e-06	-9.469633e-09	-1.237155e-09	-5.563012e+01	-3.211233e+02
4.520000e-06	-9.503119e-09	-1.241704e-09	-5.582684e+01	-3.222385e+02
4.530000e-06	-9.535026e-09	-1.245593e-09	-5.601428e+01	-3.233009e+02
4.540000e-06	-9.565163e-09	-1.249043e-09	-5.619133e+01	-3.243125e+02
4.550000e-06	-9.593529e-09	-1.252620e-09	-5.635797e+01	-3.252749e+02
4.560000e-06	-9.620307e-09	-1.256299e-09	-5.651528e+01	-3.261892e+02
4.570000e-06	-9.645465e-09	-1.259772e-09	-5.666307e+01	-3.270555e+02
4.580000e-06	-9.668998e-09	-1.262806e-09	-5.680132e+01	-3.278734e+02
4.590000e-06	-9.690743e-09	-1.265371e-09	-5.692907e+01	-3.286414e+02
4.600000e-06	-9.710717e-09	-1.268007e-09	-5.704641e+01	-3.293570e+02
4.610000e-06	-9.729111e-09	-1.270569e-09	-5.715446e+01	-3.300169e+02
4.620000e-06	-9.745898e-09	-1.272615e-09	-5.725308e+01	-3.306173e+02
4.630000e-06	-9.760894e-09	-1.274063e-09	-5.734118e+01	-3.311536e+02
4.640000e-06	-9.773843e-09	-1.275126e-09	-5.741725e+01	-3.316211e+02
4.650000e-06	-9.784874e-09	-1.276339e-09	-5.748206e+01	-3.320150e+02
4.660000e-06	-9.794219e-09	-1.277636e-09	-5.753696e+01	-3.323308e+02
4.670000e-06	-9.801920e-09	-1.278566e-09	-5.758220e+01	-3.325649e+02
4.680000e-06	-9.807785e-09	-1.279145e-09	-5.761665e+01	-3.327143e+02
4.690000e-06	-9.811825e-09	-1.279742e-09	-5.764039e+01	-3.327775e+02
4.700000e-06	-9.814257e-09	-1.280543e-09	-5.765468e+01	-3.327543e+02
4.710000e-06	-9.815057e-09	-1.280963e-09	-5.765938e+01	-3.326462e+02
