# Temperatura_=_20.0
# Concentracion g/m^3_=_10000.0
# C_Vs_to_Am_M_A/Vsm_=_254322799225.57578
# pendiente_HvsI_1/m_=_3716.3
# ordenada_HvsI_A/m_=_1297.0
# frecuencia_Hz_=_135931.9636169143
# Promedio de 43 ciclos

Tiempo_(s)	Campo_(V.s)	Magnetizacion_(V.s)	Campo_(kA/m)	Magnetizacion_(A/m)
0.000000e+00	-9.480581e-09	-1.171102e-09	-5.775112e+01	-3.011094e+02
1.000000e-08	-9.480574e-09	-1.170933e-09	-5.775108e+01	-3.009729e+02
2.000000e-08	-9.480031e-09	-1.170361e-09	-5.774778e+01	-3.008041e+02
3.000000e-08	-9.478727e-09	-1.169744e-09	-5.773984e+01	-3.006059e+02
4.000000e-08	-9.476527e-09	-1.169271e-09	-5.772644e+01	-3.003819e+02
5.000000e-08	-9.473484e-09	-1.169259e-09	-5.770791e+01	-3.001359e+02
6.000000e-08	-9.469837e-09	-1.168855e-09	-5.768569e+01	-2.998721e+02
7.000000e-08	-9.465782e-09	-1.168466e-09	-5.766099e+01	-2.995947e+02
8.000000e-08	-9.461237e-09	-1.170209e-09	-5.763331e+01	-2.993083e+02
9.000000e-08	-9.455940e-09	-1.171776e-09	-5.760104e+01	-2.990174e+02
1.000000e-07	-9.449579e-09	-1.162216e-09	-5.756230e+01	-2.987268e+02
1.100000e-07	-9.441942e-09	-1.148033e-09	-5.751578e+01	-2.984407e+02
1.200000e-07	-9.433178e-09	-1.156775e-09	-5.746240e+01	-2.981635e+02
1.300000e-07	-9.423947e-09	-1.183691e-09	-5.740617e+01	-2.978991e+02
1.400000e-07	-9.414725e-09	-1.186006e-09	-5.734999e+01	-2.976511e+02
1.500000e-07	-9.404978e-09	-1.144422e-09	-5.729062e+01	-2.974226e+02
1.600000e-07	-9.394106e-09	-1.126188e-09	-5.722440e+01	-2.972164e+02
1.700000e-07	-9.382425e-09	-1.170358e-09	-5.715324e+01	-2.970343e+02
1.800000e-07	-9.370191e-09	-1.186169e-09	-5.707872e+01	-2.968779e+02
1.900000e-07	-9.357179e-09	-1.158797e-09	-5.699946e+01	-2.967477e+02
2.000000e-07	-9.343483e-09	-1.176444e-09	-5.691603e+01	-2.966437e+02
2.100000e-07	-9.329216e-09	-1.196928e-09	-5.682913e+01	-2.965653e+02
2.200000e-07	-9.313953e-09	-1.145633e-09	-5.673616e+01	-2.965108e+02
2.300000e-07	-9.297650e-09	-1.115022e-09	-5.663685e+01	-2.964780e+02
2.400000e-07	-9.280752e-09	-1.135495e-09	-5.653392e+01	-2.964640e+02
2.500000e-07	-9.263250e-09	-1.110413e-09	-5.642730e+01	-2.964651e+02
2.600000e-07	-9.245037e-09	-1.087205e-09	-5.631636e+01	-2.964772e+02
2.700000e-07	-9.226248e-09	-1.129232e-09	-5.620191e+01	-2.964953e+02
2.800000e-07	-9.206855e-09	-1.142859e-09	-5.608377e+01	-2.965143e+02
2.900000e-07	-9.186867e-09	-1.129718e-09	-5.596202e+01	-2.965284e+02
3.000000e-07	-9.166423e-09	-1.177998e-09	-5.583748e+01	-2.965316e+02
3.100000e-07	-9.145409e-09	-1.209407e-09	-5.570948e+01	-2.965179e+02
3.200000e-07	-9.123700e-09	-1.181451e-09	-5.557724e+01	-2.964809e+02
3.300000e-07	-9.101374e-09	-1.194531e-09	-5.544124e+01	-2.964142e+02
3.400000e-07	-9.078444e-09	-1.213835e-09	-5.530157e+01	-2.963118e+02
3.500000e-07	-9.054938e-09	-1.174391e-09	-5.515838e+01	-2.961677e+02
3.600000e-07	-9.030943e-09	-1.167227e-09	-5.501222e+01	-2.959762e+02
3.700000e-07	-9.006372e-09	-1.190291e-09	-5.486254e+01	-2.957320e+02
3.800000e-07	-8.980994e-09	-1.173716e-09	-5.470796e+01	-2.954304e+02
3.900000e-07	-8.954681e-09	-1.161838e-09	-5.454768e+01	-2.950671e+02
4.000000e-07	-8.927493e-09	-1.166286e-09	-5.438206e+01	-2.946386e+02
4.100000e-07	-8.899604e-09	-1.157159e-09	-5.421217e+01	-2.941419e+02
4.200000e-07	-8.871146e-09	-1.151229e-09	-5.403882e+01	-2.935749e+02
4.300000e-07	-8.842117e-09	-1.151720e-09	-5.386200e+01	-2.929361e+02
4.400000e-07	-8.812510e-09	-1.149136e-09	-5.368164e+01	-2.922248e+02
4.500000e-07	-8.782313e-09	-1.146741e-09	-5.349770e+01	-2.914410e+02
4.600000e-07	-8.751521e-09	-1.139133e-09	-5.331014e+01	-2.905855e+02
4.700000e-07	-8.720199e-09	-1.132160e-09	-5.311934e+01	-2.896599e+02
4.800000e-07	-8.688433e-09	-1.133281e-09	-5.292583e+01	-2.886661e+02
4.900000e-07	-8.656204e-09	-1.126995e-09	-5.272951e+01	-2.876071e+02
5.000000e-07	-8.623338e-09	-1.115099e-09	-5.252931e+01	-2.864859e+02
5.100000e-07	-8.589644e-09	-1.115998e-09	-5.232407e+01	-2.853065e+02
5.200000e-07	-8.555077e-09	-1.117003e-09	-5.211351e+01	-2.840728e+02
5.300000e-07	-8.519740e-09	-1.107655e-09	-5.189825e+01	-2.827892e+02
5.400000e-07	-8.483790e-09	-1.102328e-09	-5.167926e+01	-2.814605e+02
5.500000e-07	-8.447297e-09	-1.099657e-09	-5.145696e+01	-2.800913e+02
5.600000e-07	-8.410204e-09	-1.092600e-09	-5.123101e+01	-2.786863e+02
5.700000e-07	-8.372471e-09	-1.088082e-09	-5.100116e+01	-2.772502e+02
5.800000e-07	-8.334145e-09	-1.084218e-09	-5.076770e+01	-2.757875e+02
5.900000e-07	-8.295297e-09	-1.077919e-09	-5.053106e+01	-2.743025e+02
6.000000e-07	-8.255978e-09	-1.072829e-09	-5.029155e+01	-2.727992e+02
6.100000e-07	-8.216228e-09	-1.068247e-09	-5.004941e+01	-2.712812e+02
6.200000e-07	-8.175981e-09	-1.062408e-09	-4.980424e+01	-2.697517e+02
6.300000e-07	-8.135102e-09	-1.056685e-09	-4.955523e+01	-2.682134e+02
6.400000e-07	-8.093489e-09	-1.051339e-09	-4.930175e+01	-2.666686e+02
6.500000e-07	-8.051070e-09	-1.046283e-09	-4.904336e+01	-2.651190e+02
6.600000e-07	-8.007876e-09	-1.041947e-09	-4.878024e+01	-2.635658e+02
6.700000e-07	-7.964050e-09	-1.036345e-09	-4.851328e+01	-2.620098e+02
6.800000e-07	-7.919710e-09	-1.029297e-09	-4.824318e+01	-2.604512e+02
6.900000e-07	-7.874856e-09	-1.022648e-09	-4.796995e+01	-2.588897e+02
7.000000e-07	-7.829413e-09	-1.015915e-09	-4.769314e+01	-2.573247e+02
7.100000e-07	-7.783356e-09	-1.009228e-09	-4.741258e+01	-2.557551e+02
7.200000e-07	-7.736767e-09	-1.004115e-09	-4.712879e+01	-2.541795e+02
7.300000e-07	-7.689719e-09	-9.991275e-10	-4.684219e+01	-2.525962e+02
7.400000e-07	-7.642213e-09	-9.933264e-10	-4.655281e+01	-2.510034e+02
7.500000e-07	-7.594206e-09	-9.873803e-10	-4.626037e+01	-2.493990e+02
7.600000e-07	-7.545592e-09	-9.810269e-10	-4.596424e+01	-2.477809e+02
7.700000e-07	-7.496280e-09	-9.734692e-10	-4.566386e+01	-2.461469e+02
7.800000e-07	-7.446254e-09	-9.654151e-10	-4.535913e+01	-2.444950e+02
7.900000e-07	-7.395483e-09	-9.581693e-10	-4.504986e+01	-2.428231e+02
8.000000e-07	-7.343966e-09	-9.522604e-10	-4.473605e+01	-2.411294e+02
8.100000e-07	-7.291799e-09	-9.465207e-10	-4.441828e+01	-2.394122e+02
8.200000e-07	-7.239088e-09	-9.398980e-10	-4.409719e+01	-2.376701e+02
8.300000e-07	-7.185845e-09	-9.327790e-10	-4.377286e+01	-2.359021e+02
8.400000e-07	-7.132047e-09	-9.254673e-10	-4.344515e+01	-2.341072e+02
8.500000e-07	-7.077727e-09	-9.171997e-10	-4.311426e+01	-2.322849e+02
8.600000e-07	-7.022973e-09	-9.086857e-10	-4.278072e+01	-2.304351e+02
8.700000e-07	-6.967853e-09	-9.012274e-10	-4.244496e+01	-2.285579e+02
8.800000e-07	-6.912354e-09	-8.941643e-10	-4.210689e+01	-2.266538e+02
8.900000e-07	-6.856442e-09	-8.870348e-10	-4.176629e+01	-2.247234e+02
9.000000e-07	-6.800087e-09	-8.805864e-10	-4.142301e+01	-2.227679e+02
9.100000e-07	-6.743220e-09	-8.740872e-10	-4.107661e+01	-2.207885e+02
9.200000e-07	-6.685761e-09	-8.663865e-10	-4.072659e+01	-2.187866e+02
9.300000e-07	-6.627663e-09	-8.582279e-10	-4.037269e+01	-2.167639e+02
9.400000e-07	-6.568908e-09	-8.503128e-10	-4.001479e+01	-2.147222e+02
9.500000e-07	-6.509550e-09	-8.426157e-10	-3.965321e+01	-2.126632e+02
9.600000e-07	-6.449714e-09	-8.350788e-10	-3.928872e+01	-2.105888e+02
9.700000e-07	-6.389485e-09	-8.274135e-10	-3.892184e+01	-2.085009e+02
9.800000e-07	-6.328883e-09	-8.190929e-10	-3.855267e+01	-2.064012e+02
9.900000e-07	-6.267892e-09	-8.106153e-10	-3.818114e+01	-2.042915e+02
1.000000e-06	-6.206485e-09	-8.023865e-10	-3.780708e+01	-2.021732e+02
1.010000e-06	-6.144665e-09	-7.941136e-10	-3.743051e+01	-2.000477e+02
1.020000e-06	-6.082477e-09	-7.856494e-10	-3.705169e+01	-1.979163e+02
1.030000e-06	-6.019947e-09	-7.772432e-10	-3.667079e+01	-1.957798e+02
1.040000e-06	-5.957051e-09	-7.689951e-10	-3.628766e+01	-1.936391e+02
1.050000e-06	-5.893759e-09	-7.606274e-10	-3.590211e+01	-1.914945e+02
1.060000e-06	-5.830042e-09	-7.519445e-10	-3.551398e+01	-1.893464e+02
1.070000e-06	-5.765882e-09	-7.432298e-10	-3.512315e+01	-1.871948e+02
1.080000e-06	-5.701258e-09	-7.344442e-10	-3.472949e+01	-1.850395e+02
1.090000e-06	-5.636155e-09	-7.255795e-10	-3.433292e+01	-1.828800e+02
1.100000e-06	-5.570606e-09	-7.167881e-10	-3.393363e+01	-1.807158e+02
1.110000e-06	-5.504637e-09	-7.080085e-10	-3.353178e+01	-1.785461e+02
1.120000e-06	-5.438243e-09	-6.989801e-10	-3.312734e+01	-1.763702e+02
1.130000e-06	-5.371435e-09	-6.897877e-10	-3.272038e+01	-1.741870e+02
1.140000e-06	-5.304240e-09	-6.808731e-10	-3.231106e+01	-1.719955e+02
1.150000e-06	-5.236690e-09	-6.724428e-10	-3.189958e+01	-1.697947e+02
1.160000e-06	-5.168809e-09	-6.638704e-10	-3.148608e+01	-1.675836e+02
1.170000e-06	-5.100602e-09	-6.549432e-10	-3.107059e+01	-1.653612e+02
1.180000e-06	-5.032068e-09	-6.461770e-10	-3.065312e+01	-1.631267e+02
1.190000e-06	-4.963207e-09	-6.375709e-10	-3.023366e+01	-1.608792e+02
1.200000e-06	-4.893997e-09	-6.288413e-10	-2.981206e+01	-1.586180e+02
1.210000e-06	-4.824402e-09	-6.197109e-10	-2.938812e+01	-1.563427e+02
1.220000e-06	-4.754421e-09	-6.100458e-10	-2.896184e+01	-1.540530e+02
1.230000e-06	-4.684096e-09	-6.005118e-10	-2.853345e+01	-1.517486e+02
1.240000e-06	-4.613466e-09	-5.914540e-10	-2.810320e+01	-1.494295e+02
1.250000e-06	-4.542541e-09	-5.821619e-10	-2.767116e+01	-1.470960e+02
1.260000e-06	-4.471323e-09	-5.728146e-10	-2.723734e+01	-1.447484e+02
1.270000e-06	-4.399823e-09	-5.635705e-10	-2.680179e+01	-1.423872e+02
1.280000e-06	-4.328043e-09	-5.543113e-10	-2.636454e+01	-1.400130e+02
1.290000e-06	-4.255956e-09	-5.449036e-10	-2.592542e+01	-1.376267e+02
1.300000e-06	-4.183558e-09	-5.354216e-10	-2.548441e+01	-1.352291e+02
1.310000e-06	-4.110848e-09	-5.260171e-10	-2.504149e+01	-1.328212e+02
1.320000e-06	-4.037810e-09	-5.167403e-10	-2.459659e+01	-1.304041e+02
1.330000e-06	-3.964440e-09	-5.075449e-10	-2.414966e+01	-1.279786e+02
1.340000e-06	-3.890699e-09	-4.983681e-10	-2.370047e+01	-1.255460e+02
1.350000e-06	-3.816571e-09	-4.889952e-10	-2.324892e+01	-1.231071e+02
1.360000e-06	-3.742081e-09	-4.794538e-10	-2.279516e+01	-1.206629e+02
1.370000e-06	-3.667251e-09	-4.697880e-10	-2.233934e+01	-1.182142e+02
1.380000e-06	-3.592110e-09	-4.597619e-10	-2.188162e+01	-1.157618e+02
1.390000e-06	-3.516667e-09	-4.496774e-10	-2.142206e+01	-1.133064e+02
1.400000e-06	-3.440968e-09	-4.400022e-10	-2.096094e+01	-1.108483e+02
1.410000e-06	-3.365037e-09	-4.305665e-10	-2.049840e+01	-1.083880e+02
1.420000e-06	-3.288852e-09	-4.210589e-10	-2.003432e+01	-1.059257e+02
1.430000e-06	-3.212425e-09	-4.112542e-10	-1.956877e+01	-1.034613e+02
1.440000e-06	-3.135752e-09	-4.011672e-10	-1.910171e+01	-1.009947e+02
1.450000e-06	-3.058828e-09	-3.913083e-10	-1.863313e+01	-9.852581e+01
1.460000e-06	-2.981660e-09	-3.818809e-10	-1.816306e+01	-9.605413e+01
1.470000e-06	-2.904246e-09	-3.722578e-10	-1.769149e+01	-9.357921e+01
1.480000e-06	-2.826565e-09	-3.620698e-10	-1.721829e+01	-9.110050e+01
1.490000e-06	-2.748602e-09	-3.520397e-10	-1.674339e+01	-8.861734e+01
1.500000e-06	-2.670383e-09	-3.423317e-10	-1.626691e+01	-8.612906e+01
1.510000e-06	-2.591923e-09	-3.324660e-10	-1.578898e+01	-8.363498e+01
1.520000e-06	-2.513260e-09	-3.224534e-10	-1.530980e+01	-8.113440e+01
1.530000e-06	-2.434441e-09	-3.126932e-10	-1.482968e+01	-7.862667e+01
1.540000e-06	-2.355474e-09	-3.029809e-10	-1.434865e+01	-7.611121e+01
1.550000e-06	-2.276358e-09	-2.933661e-10	-1.386672e+01	-7.358751e+01
1.560000e-06	-2.197070e-09	-2.840233e-10	-1.338373e+01	-7.105515e+01
1.570000e-06	-2.117625e-09	-2.742081e-10	-1.289980e+01	-6.851387e+01
1.580000e-06	-2.038029e-09	-2.637666e-10	-1.241493e+01	-6.596352e+01
1.590000e-06	-1.958249e-09	-2.532689e-10	-1.192896e+01	-6.340408e+01
1.600000e-06	-1.878279e-09	-2.432072e-10	-1.144182e+01	-6.083572e+01
1.610000e-06	-1.798145e-09	-2.334600e-10	-1.095368e+01	-5.825874e+01
1.620000e-06	-1.717848e-09	-2.236998e-10	-1.046456e+01	-5.567360e+01
1.630000e-06	-1.637379e-09	-2.139926e-10	-9.974378e+00	-5.308090e+01
1.640000e-06	-1.556780e-09	-2.043307e-10	-9.483404e+00	-5.048138e+01
1.650000e-06	-1.476095e-09	-1.945236e-10	-8.991912e+00	-4.787589e+01
1.660000e-06	-1.395316e-09	-1.844875e-10	-8.499843e+00	-4.526540e+01
1.670000e-06	-1.314463e-09	-1.744247e-10	-8.007324e+00	-4.265095e+01
1.680000e-06	-1.233559e-09	-1.643687e-10	-7.514498e+00	-4.003364e+01
1.690000e-06	-1.152587e-09	-1.546560e-10	-7.021254e+00	-3.741462e+01
1.700000e-06	-1.071548e-09	-1.448688e-10	-6.527602e+00	-3.479502e+01
1.710000e-06	-9.904205e-10	-1.347881e-10	-6.033412e+00	-3.217598e+01
1.720000e-06	-9.091966e-10	-1.250678e-10	-5.538634e+00	-2.955859e+01
1.730000e-06	-8.278827e-10	-1.156723e-10	-5.043309e+00	-2.694388e+01
1.740000e-06	-7.464833e-10	-1.063902e-10	-4.547462e+00	-2.433278e+01
1.750000e-06	-6.649962e-10	-9.686845e-11	-4.051081e+00	-2.172613e+01
1.760000e-06	-5.834417e-10	-8.673861e-11	-3.554289e+00	-1.912465e+01
1.770000e-06	-5.018477e-10	-7.620642e-11	-3.057257e+00	-1.652889e+01
1.780000e-06	-4.202118e-10	-6.593426e-11	-2.559970e+00	-1.393931e+01
1.790000e-06	-3.385601e-10	-5.581116e-11	-2.062587e+00	-1.135617e+01
1.800000e-06	-2.569266e-10	-4.526139e-11	-1.565313e+00	-8.779604e+00
1.810000e-06	-1.753127e-10	-3.472151e-11	-1.068160e+00	-6.209594e+00
1.820000e-06	-9.371686e-11	-2.540082e-11	-5.711166e-01	-3.645978e+00
1.830000e-06	-1.215451e-11	-1.706886e-11	-7.427694e-02	-1.088464e+00
1.840000e-06	6.938370e-11	-8.129890e-12	4.224156e-01	1.463355e+00
1.850000e-06	1.509244e-10	2.158085e-12	9.191234e-01	4.009987e+00
1.860000e-06	2.324850e-10	1.322499e-11	1.415952e+00	6.552015e+00
1.870000e-06	3.140634e-10	2.392726e-11	1.912890e+00	9.090083e+00
1.880000e-06	3.956407e-10	3.367612e-11	2.409820e+00	1.162486e+01
1.890000e-06	4.771996e-10	4.299147e-11	2.906640e+00	1.415704e+01
1.900000e-06	5.587252e-10	5.254785e-11	3.403256e+00	1.668729e+01
1.910000e-06	6.402147e-10	6.208601e-11	3.899652e+00	1.921623e+01
1.920000e-06	7.216537e-10	7.145438e-11	4.395740e+00	2.174444e+01
1.930000e-06	8.030169e-10	8.136144e-11	4.891366e+00	2.427241e+01
1.940000e-06	8.842748e-10	9.219201e-11	5.386351e+00	2.680052e+01
1.950000e-06	9.654234e-10	1.029959e-10	5.880671e+00	2.932906e+01
1.960000e-06	1.046472e-09	1.125822e-10	6.374384e+00	3.185817e+01
1.970000e-06	1.127418e-09	1.211936e-10	6.867466e+00	3.438788e+01
1.980000e-06	1.208257e-09	1.299886e-10	7.359898e+00	3.691807e+01
1.990000e-06	1.289015e-09	1.397595e-10	7.851837e+00	3.944847e+01
2.000000e-06	1.369687e-09	1.500764e-10	8.343256e+00	4.197872e+01
2.010000e-06	1.450278e-09	1.599881e-10	8.834176e+00	4.450830e+01
2.020000e-06	1.530796e-09	1.693158e-10	9.324655e+00	4.703658e+01
2.030000e-06	1.611208e-09	1.787187e-10	9.814488e+00	4.956284e+01
2.040000e-06	1.691496e-09	1.888829e-10	1.030356e+01	5.208628e+01
2.050000e-06	1.771635e-09	1.992130e-10	1.079173e+01	5.460604e+01
2.060000e-06	1.851607e-09	2.086370e-10	1.127888e+01	5.712120e+01
2.070000e-06	1.931408e-09	2.175161e-10	1.176499e+01	5.963086e+01
2.080000e-06	2.011037e-09	2.272482e-10	1.225005e+01	6.213408e+01
2.090000e-06	2.090476e-09	2.379024e-10	1.273395e+01	6.462999e+01
2.100000e-06	2.169728e-09	2.480184e-10	1.321672e+01	6.711774e+01
2.110000e-06	2.248803e-09	2.567013e-10	1.369840e+01	6.959656e+01
2.120000e-06	2.327698e-09	2.648694e-10	1.417900e+01	7.206577e+01
2.130000e-06	2.406428e-09	2.740110e-10	1.465858e+01	7.452479e+01
2.140000e-06	2.484997e-09	2.840773e-10	1.513718e+01	7.697315e+01
2.150000e-06	2.563381e-09	2.940146e-10	1.561466e+01	7.941053e+01
2.160000e-06	2.641579e-09	3.033016e-10	1.609101e+01	8.183670e+01
2.170000e-06	2.719576e-09	3.124547e-10	1.656612e+01	8.425160e+01
2.180000e-06	2.797352e-09	3.224903e-10	1.703990e+01	8.665527e+01
2.190000e-06	2.874902e-09	3.329444e-10	1.751229e+01	8.904788e+01
2.200000e-06	2.952218e-09	3.422999e-10	1.798327e+01	9.142972e+01
2.210000e-06	3.029301e-09	3.506622e-10	1.845282e+01	9.380118e+01
2.220000e-06	3.106137e-09	3.594159e-10	1.892087e+01	9.616273e+01
2.230000e-06	3.182730e-09	3.689774e-10	1.938744e+01	9.851490e+01
2.240000e-06	3.259069e-09	3.785029e-10	1.985246e+01	1.008583e+02
2.250000e-06	3.335115e-09	3.873482e-10	2.031569e+01	1.031934e+02
2.260000e-06	3.410878e-09	3.959225e-10	2.077721e+01	1.055210e+02
2.270000e-06	3.486380e-09	4.048924e-10	2.123713e+01	1.078415e+02
2.280000e-06	3.561607e-09	4.142677e-10	2.169538e+01	1.101555e+02
2.290000e-06	3.636546e-09	4.237603e-10	2.215187e+01	1.124635e+02
2.300000e-06	3.711176e-09	4.330261e-10	2.260647e+01	1.147658e+02
2.310000e-06	3.785476e-09	4.418288e-10	2.305907e+01	1.170627e+02
2.320000e-06	3.859442e-09	4.507247e-10	2.350964e+01	1.193544e+02
2.330000e-06	3.933082e-09	4.603867e-10	2.395822e+01	1.216409e+02
2.340000e-06	4.006388e-09	4.699522e-10	2.440476e+01	1.239221e+02
2.350000e-06	4.079334e-09	4.788082e-10	2.484911e+01	1.261977e+02
2.360000e-06	4.151917e-09	4.869472e-10	2.529125e+01	1.284674e+02
2.370000e-06	4.224146e-09	4.952931e-10	2.573124e+01	1.307308e+02
2.380000e-06	4.296034e-09	5.046428e-10	2.616915e+01	1.329871e+02
2.390000e-06	4.367599e-09	5.136763e-10	2.660508e+01	1.352356e+02
2.400000e-06	4.438865e-09	5.219338e-10	2.703921e+01	1.374756e+02
2.410000e-06	4.509872e-09	5.297393e-10	2.747175e+01	1.397062e+02
2.420000e-06	4.580624e-09	5.381032e-10	2.790274e+01	1.419263e+02
2.430000e-06	4.651094e-09	5.469404e-10	2.833201e+01	1.441351e+02
2.440000e-06	4.721247e-09	5.554499e-10	2.875935e+01	1.463316e+02
2.450000e-06	4.791059e-09	5.643065e-10	2.918461e+01	1.485148e+02
2.460000e-06	4.860520e-09	5.737733e-10	2.960773e+01	1.506839e+02
2.470000e-06	4.929643e-09	5.833703e-10	3.002880e+01	1.528379e+02
2.480000e-06	4.998456e-09	5.919365e-10	3.044798e+01	1.549762e+02
2.490000e-06	5.066951e-09	5.989882e-10	3.086522e+01	1.570981e+02
2.500000e-06	5.135090e-09	6.056091e-10	3.128030e+01	1.592032e+02
2.510000e-06	5.202859e-09	6.127902e-10	3.169311e+01	1.612911e+02
2.520000e-06	5.270247e-09	6.207857e-10	3.210361e+01	1.633616e+02
2.530000e-06	5.337232e-09	6.294301e-10	3.251165e+01	1.654146e+02
2.540000e-06	5.403800e-09	6.383143e-10	3.291715e+01	1.674502e+02
2.550000e-06	5.469935e-09	6.471609e-10	3.332001e+01	1.694688e+02
2.560000e-06	5.535658e-09	6.557340e-10	3.372036e+01	1.714707e+02
2.570000e-06	5.600978e-09	6.637912e-10	3.411826e+01	1.734565e+02
2.580000e-06	5.665860e-09	6.710720e-10	3.451349e+01	1.754268e+02
2.590000e-06	5.730300e-09	6.778454e-10	3.490603e+01	1.773825e+02
2.600000e-06	5.794302e-09	6.850729e-10	3.529590e+01	1.793244e+02
2.610000e-06	5.857877e-09	6.932935e-10	3.568317e+01	1.812535e+02
2.620000e-06	5.921053e-09	7.019990e-10	3.606801e+01	1.831706e+02
2.630000e-06	5.983860e-09	7.102398e-10	3.645060e+01	1.850767e+02
2.640000e-06	6.046285e-09	7.175598e-10	3.683087e+01	1.869728e+02
2.650000e-06	6.108309e-09	7.245979e-10	3.720869e+01	1.888597e+02
2.660000e-06	6.169923e-09	7.319228e-10	3.758401e+01	1.907383e+02
2.670000e-06	6.231157e-09	7.393865e-10	3.795703e+01	1.926093e+02
2.680000e-06	6.292033e-09	7.465730e-10	3.832786e+01	1.944732e+02
2.690000e-06	6.352559e-09	7.538289e-10	3.869655e+01	1.963305e+02
2.700000e-06	6.412716e-09	7.617801e-10	3.906300e+01	1.981816e+02
2.710000e-06	6.472456e-09	7.700348e-10	3.942691e+01	2.000265e+02
2.720000e-06	6.531724e-09	7.779834e-10	3.978794e+01	2.018651e+02
2.730000e-06	6.590427e-09	7.855069e-10	4.014554e+01	2.036974e+02
2.740000e-06	6.648528e-09	7.924272e-10	4.049946e+01	2.055229e+02
2.750000e-06	6.706028e-09	7.999493e-10	4.084972e+01	2.073412e+02
2.760000e-06	6.762928e-09	8.082002e-10	4.119633e+01	2.091514e+02
2.770000e-06	6.819264e-09	8.155002e-10	4.153950e+01	2.109529e+02
2.780000e-06	6.875099e-09	8.220088e-10	4.187962e+01	2.127446e+02
2.790000e-06	6.930478e-09	8.284824e-10	4.221697e+01	2.145257e+02
2.800000e-06	6.985441e-09	8.351273e-10	4.255178e+01	2.162949e+02
2.810000e-06	7.040005e-09	8.416001e-10	4.288416e+01	2.180513e+02
2.820000e-06	7.094097e-09	8.483398e-10	4.321367e+01	2.197937e+02
2.830000e-06	7.147691e-09	8.556891e-10	4.354013e+01	2.215210e+02
2.840000e-06	7.200801e-09	8.638099e-10	4.386365e+01	2.232322e+02
2.850000e-06	7.253405e-09	8.719474e-10	4.418410e+01	2.249263e+02
2.860000e-06	7.305446e-09	8.790001e-10	4.450110e+01	2.266026e+02
2.870000e-06	7.356836e-09	8.847970e-10	4.481415e+01	2.282602e+02
2.880000e-06	7.407502e-09	8.897050e-10	4.512278e+01	2.298985e+02
2.890000e-06	7.457414e-09	8.946888e-10	4.542682e+01	2.315173e+02
2.900000e-06	7.506595e-09	9.006517e-10	4.572640e+01	2.331161e+02
2.910000e-06	7.555131e-09	9.076807e-10	4.602206e+01	2.346950e+02
2.920000e-06	7.603109e-09	9.154050e-10	4.631433e+01	2.362541e+02
2.930000e-06	7.650581e-09	9.229416e-10	4.660350e+01	2.377935e+02
2.940000e-06	7.697576e-09	9.295701e-10	4.688978e+01	2.393137e+02
2.950000e-06	7.744081e-09	9.353538e-10	4.717307e+01	2.408154e+02
2.960000e-06	7.790051e-09	9.407739e-10	4.745309e+01	2.422991e+02
2.970000e-06	7.835481e-09	9.464288e-10	4.772984e+01	2.437658e+02
2.980000e-06	7.880401e-09	9.526594e-10	4.800347e+01	2.452163e+02
2.990000e-06	7.924852e-09	9.594675e-10	4.827424e+01	2.466515e+02
3.000000e-06	7.968872e-09	9.661749e-10	4.854240e+01	2.480723e+02
3.010000e-06	8.012412e-09	9.725604e-10	4.880762e+01	2.494799e+02
3.020000e-06	8.055339e-09	9.783887e-10	4.906911e+01	2.508749e+02
3.030000e-06	8.097535e-09	9.834161e-10	4.932615e+01	2.522583e+02
3.040000e-06	8.138927e-09	9.879287e-10	4.957830e+01	2.536309e+02
3.050000e-06	8.179583e-09	9.928298e-10	4.982595e+01	2.549931e+02
3.060000e-06	8.219666e-09	9.986244e-10	5.007012e+01	2.563454e+02
3.070000e-06	8.259249e-09	1.005189e-09	5.031125e+01	2.576881e+02
3.080000e-06	8.298334e-09	1.011569e-09	5.054933e+01	2.590213e+02
3.090000e-06	8.336881e-09	1.017463e-09	5.078415e+01	2.603449e+02
3.100000e-06	8.374852e-09	1.022759e-09	5.101545e+01	2.616586e+02
3.110000e-06	8.412236e-09	1.026867e-09	5.124317e+01	2.629618e+02
3.120000e-06	8.449052e-09	1.030581e-09	5.146744e+01	2.642538e+02
3.130000e-06	8.485359e-09	1.035298e-09	5.168861e+01	2.655338e+02
3.140000e-06	8.521205e-09	1.041147e-09	5.190696e+01	2.668007e+02
3.150000e-06	8.556515e-09	1.047423e-09	5.212206e+01	2.680533e+02
3.160000e-06	8.591101e-09	1.053197e-09	5.233274e+01	2.692903e+02
3.170000e-06	8.624839e-09	1.058033e-09	5.253826e+01	2.705103e+02
3.180000e-06	8.657762e-09	1.062196e-09	5.273881e+01	2.717119e+02
3.190000e-06	8.690011e-09	1.065887e-09	5.293526e+01	2.728935e+02
3.200000e-06	8.721724e-09	1.069491e-09	5.312844e+01	2.740539e+02
3.210000e-06	8.752911e-09	1.073320e-09	5.331842e+01	2.751915e+02
3.220000e-06	8.783548e-09	1.077934e-09	5.350505e+01	2.763051e+02
3.230000e-06	8.813605e-09	1.083226e-09	5.368814e+01	2.773935e+02
3.240000e-06	8.843033e-09	1.088345e-09	5.386741e+01	2.784556e+02
3.250000e-06	8.871858e-09	1.093028e-09	5.404300e+01	2.794907e+02
3.260000e-06	8.900176e-09	1.097220e-09	5.421550e+01	2.804981e+02
3.270000e-06	8.928043e-09	1.100851e-09	5.438525e+01	2.814773e+02
3.280000e-06	8.955367e-09	1.104389e-09	5.455170e+01	2.824282e+02
3.290000e-06	8.981920e-09	1.108263e-09	5.471345e+01	2.833507e+02
3.300000e-06	9.007511e-09	1.112473e-09	5.486934e+01	2.842452e+02
3.310000e-06	9.032216e-09	1.116599e-09	5.501983e+01	2.851120e+02
3.320000e-06	9.056248e-09	1.120657e-09	5.516623e+01	2.859518e+02
3.330000e-06	9.079692e-09	1.124540e-09	5.530904e+01	2.867655e+02
3.340000e-06	9.102530e-09	1.127853e-09	5.544816e+01	2.875541e+02
3.350000e-06	9.124753e-09	1.130711e-09	5.558353e+01	2.883186e+02
3.360000e-06	9.146365e-09	1.133364e-09	5.571518e+01	2.890604e+02
3.370000e-06	9.167361e-09	1.136182e-09	5.584308e+01	2.897805e+02
3.380000e-06	9.187799e-09	1.139614e-09	5.596758e+01	2.904803e+02
3.390000e-06	9.207779e-09	1.143370e-09	5.608929e+01	2.911608e+02
3.400000e-06	9.227267e-09	1.146813e-09	5.620801e+01	2.918234e+02
3.410000e-06	9.246125e-09	1.149751e-09	5.632288e+01	2.924688e+02
3.420000e-06	9.264248e-09	1.152304e-09	5.643328e+01	2.930980e+02
3.430000e-06	9.281680e-09	1.154402e-09	5.653948e+01	2.937114e+02
3.440000e-06	9.298487e-09	1.156169e-09	5.664186e+01	2.943097e+02
3.450000e-06	9.314600e-09	1.158266e-09	5.674001e+01	2.948927e+02
3.460000e-06	9.329924e-09	1.161107e-09	5.683335e+01	2.954604e+02
3.470000e-06	9.344462e-09	1.164335e-09	5.692192e+01	2.960124e+02
3.480000e-06	9.358301e-09	1.167027e-09	5.700622e+01	2.965480e+02
3.490000e-06	9.371450e-09	1.168749e-09	5.708632e+01	2.970660e+02
3.500000e-06	9.383937e-09	1.169730e-09	5.716239e+01	2.975653e+02
3.510000e-06	9.395819e-09	1.170595e-09	5.723477e+01	2.980444e+02
3.520000e-06	9.406973e-09	1.171640e-09	5.730271e+01	2.985015e+02
3.530000e-06	9.417154e-09	1.172946e-09	5.736474e+01	2.989348e+02
3.540000e-06	9.426308e-09	1.174606e-09	5.742050e+01	2.993422e+02
3.550000e-06	9.434672e-09	1.176363e-09	5.747145e+01	2.997215e+02
3.560000e-06	9.442466e-09	1.177985e-09	5.751893e+01	3.000708e+02
3.570000e-06	9.449682e-09	1.179240e-09	5.756289e+01	3.003878e+02
3.580000e-06	9.456243e-09	1.179800e-09	5.760286e+01	3.006707e+02
3.590000e-06	9.462147e-09	1.179932e-09	5.763882e+01	3.009175e+02
3.600000e-06	9.467373e-09	1.179881e-09	5.767066e+01	3.011266e+02
3.610000e-06	9.471952e-09	1.179927e-09	5.769855e+01	3.012968e+02
3.620000e-06	9.476041e-09	1.180262e-09	5.772347e+01	3.014269e+02
3.630000e-06	9.479688e-09	1.181065e-09	5.774568e+01	3.015165e+02
3.640000e-06	9.482668e-09	1.182146e-09	5.776384e+01	3.015652e+02
3.650000e-06	9.484698e-09	1.182743e-09	5.777620e+01	3.015733e+02
3.660000e-06	9.485758e-09	1.182933e-09	5.778266e+01	3.015416e+02
3.670000e-06	9.486089e-09	1.182607e-09	5.778468e+01	3.014714e+02
3.680000e-06	9.485884e-09	1.181548e-09	5.778344e+01	3.013642e+02
3.690000e-06	9.485115e-09	1.180399e-09	5.777875e+01	3.012225e+02
3.700000e-06	9.483706e-09	1.179648e-09	5.777017e+01	3.010488e+02
3.710000e-06	9.481702e-09	1.179706e-09	5.775797e+01	3.008462e+02
3.720000e-06	9.479134e-09	1.179914e-09	5.774232e+01	3.006185e+02
3.730000e-06	9.475984e-09	1.179418e-09	5.772314e+01	3.003693e+02
3.740000e-06	9.472327e-09	1.178972e-09	5.770087e+01	3.001030e+02
3.750000e-06	9.468289e-09	1.177283e-09	5.767627e+01	2.998238e+02
3.760000e-06	9.463795e-09	1.172739e-09	5.764889e+01	2.995364e+02
3.770000e-06	9.458398e-09	1.178457e-09	5.761602e+01	2.992452e+02
3.780000e-06	9.451546e-09	1.196743e-09	5.757429e+01	2.989549e+02
3.790000e-06	9.443127e-09	1.189540e-09	5.752301e+01	2.986699e+02
3.800000e-06	9.433773e-09	1.145762e-09	5.746603e+01	2.983944e+02
3.810000e-06	9.424379e-09	1.130189e-09	5.740880e+01	2.981322e+02
3.820000e-06	9.414987e-09	1.176861e-09	5.735159e+01	2.978870e+02
3.830000e-06	9.404869e-09	1.200603e-09	5.728996e+01	2.976619e+02
3.840000e-06	9.393913e-09	1.152065e-09	5.722322e+01	2.974592e+02
3.850000e-06	9.382544e-09	1.128270e-09	5.715397e+01	2.972810e+02
3.860000e-06	9.370513e-09	1.160728e-09	5.708069e+01	2.971285e+02
3.870000e-06	9.357376e-09	1.155829e-09	5.700067e+01	2.970024e+02
3.880000e-06	9.343475e-09	1.136188e-09	5.691599e+01	2.969024e+02
3.890000e-06	9.328976e-09	1.180080e-09	5.682768e+01	2.968277e+02
3.900000e-06	9.313619e-09	1.209046e-09	5.673413e+01	2.967766e+02
3.910000e-06	9.297600e-09	1.170472e-09	5.663655e+01	2.967469e+02
3.920000e-06	9.281065e-09	1.159702e-09	5.653583e+01	2.967354e+02
3.930000e-06	9.263766e-09	1.174813e-09	5.643045e+01	2.967384e+02
3.940000e-06	9.245704e-09	1.131000e-09	5.632043e+01	2.967515e+02
3.950000e-06	9.227017e-09	1.101397e-09	5.620660e+01	2.967700e+02
3.960000e-06	9.207674e-09	1.135704e-09	5.608877e+01	2.967884e+02
3.970000e-06	9.187783e-09	1.131552e-09	5.596760e+01	2.968011e+02
3.980000e-06	9.167433e-09	1.111953e-09	5.584364e+01	2.968019e+02
3.990000e-06	9.146383e-09	1.158356e-09	5.571542e+01	2.967848e+02
4.000000e-06	9.124445e-09	1.184345e-09	5.558179e+01	2.967434e+02
4.010000e-06	9.101667e-09	1.167189e-09	5.544304e+01	2.966714e+02
4.020000e-06	9.078146e-09	1.197527e-09	5.529976e+01	2.965627e+02
4.030000e-06	9.054043e-09	1.220539e-09	5.515294e+01	2.964113e+02
4.040000e-06	9.029411e-09	1.191881e-09	5.500289e+01	2.962117e+02
4.050000e-06	9.004174e-09	1.183262e-09	5.484917e+01	2.959587e+02
4.060000e-06	8.978303e-09	1.194060e-09	5.469157e+01	2.956475e+02
4.070000e-06	8.951762e-09	1.195085e-09	5.452990e+01	2.952741e+02
4.080000e-06	8.924537e-09	1.185471e-09	5.436406e+01	2.948350e+02
4.090000e-06	8.896721e-09	1.174202e-09	5.419462e+01	2.943273e+02
4.100000e-06	8.868344e-09	1.180858e-09	5.402176e+01	2.937490e+02
4.110000e-06	8.839299e-09	1.178232e-09	5.384483e+01	2.930987e+02
4.120000e-06	8.809463e-09	1.158174e-09	5.366309e+01	2.923759e+02
4.130000e-06	8.778793e-09	1.161844e-09	5.347627e+01	2.915808e+02
4.140000e-06	8.747391e-09	1.169582e-09	5.328498e+01	2.907141e+02
4.150000e-06	8.715407e-09	1.152100e-09	5.309015e+01	2.897776e+02
4.160000e-06	8.682909e-09	1.144426e-09	5.289220e+01	2.887733e+02
4.170000e-06	8.649852e-09	1.153734e-09	5.269083e+01	2.877042e+02
4.180000e-06	8.616179e-09	1.144513e-09	5.248571e+01	2.865736e+02
4.190000e-06	8.581920e-09	1.128429e-09	5.227703e+01	2.853853e+02
4.200000e-06	8.547102e-09	1.131897e-09	5.206493e+01	2.841435e+02
4.210000e-06	8.511723e-09	1.131703e-09	5.184942e+01	2.828525e+02
4.220000e-06	8.475791e-09	1.119634e-09	5.163054e+01	2.815170e+02
4.230000e-06	8.439268e-09	1.117139e-09	5.140806e+01	2.801418e+02
4.240000e-06	8.402026e-09	1.115812e-09	5.118120e+01	2.787316e+02
4.250000e-06	8.363959e-09	1.106082e-09	5.094933e+01	2.772910e+02
4.260000e-06	8.325108e-09	1.099062e-09	5.071267e+01	2.758245e+02
4.270000e-06	8.285613e-09	1.095823e-09	5.047209e+01	2.743363e+02
4.280000e-06	8.245594e-09	1.090226e-09	5.022831e+01	2.728304e+02
4.290000e-06	8.205104e-09	1.082098e-09	4.998166e+01	2.713103e+02
4.300000e-06	8.164128e-09	1.076472e-09	4.973206e+01	2.697792e+02
4.310000e-06	8.122618e-09	1.073524e-09	4.947920e+01	2.682396e+02
4.320000e-06	8.080536e-09	1.067862e-09	4.922286e+01	2.666939e+02
4.330000e-06	8.037883e-09	1.059977e-09	4.896304e+01	2.651435e+02
4.340000e-06	7.994682e-09	1.053553e-09	4.869988e+01	2.635898e+02
4.350000e-06	7.950973e-09	1.047998e-09	4.843362e+01	2.620333e+02
4.360000e-06	7.906768e-09	1.041039e-09	4.816435e+01	2.604741e+02
4.370000e-06	7.862036e-09	1.034320e-09	4.789187e+01	2.589120e+02
4.380000e-06	7.816735e-09	1.029014e-09	4.761591e+01	2.573462e+02
4.390000e-06	7.770864e-09	1.021931e-09	4.733649e+01	2.557757e+02
4.400000e-06	7.724474e-09	1.014512e-09	4.705391e+01	2.541989e+02
4.410000e-06	7.677605e-09	1.009408e-09	4.676841e+01	2.526141e+02
4.420000e-06	7.630261e-09	1.003522e-09	4.648001e+01	2.510195e+02
4.430000e-06	7.582374e-09	9.951628e-10	4.618831e+01	2.494130e+02
4.440000e-06	7.533881e-09	9.870798e-10	4.589292e+01	2.477924e+02
4.450000e-06	7.484740e-09	9.809642e-10	4.559358e+01	2.461556e+02
4.460000e-06	7.434932e-09	9.746246e-10	4.529017e+01	2.445006e+02
4.470000e-06	7.384516e-09	9.672109e-10	4.498306e+01	2.428253e+02
4.480000e-06	7.333541e-09	9.603672e-10	4.467255e+01	2.411279e+02
4.490000e-06	7.281985e-09	9.542280e-10	4.435850e+01	2.394068e+02
4.500000e-06	7.229771e-09	9.476887e-10	4.404044e+01	2.376606e+02
4.510000e-06	7.176844e-09	9.402676e-10	4.371803e+01	2.358882e+02
4.520000e-06	7.123223e-09	9.325046e-10	4.339141e+01	2.340890e+02
4.530000e-06	7.068937e-09	9.243558e-10	4.306073e+01	2.322623e+02
4.540000e-06	7.014020e-09	9.156053e-10	4.272620e+01	2.304081e+02
4.550000e-06	6.958595e-09	9.078846e-10	4.238858e+01	2.285266e+02
4.560000e-06	6.902751e-09	9.012535e-10	4.204841e+01	2.266182e+02
4.570000e-06	6.846467e-09	8.938486e-10	4.170555e+01	2.246838e+02
4.580000e-06	6.789732e-09	8.856852e-10	4.135995e+01	2.227243e+02
4.590000e-06	6.732541e-09	8.784357e-10	4.101157e+01	2.207412e+02
4.600000e-06	6.674846e-09	8.714330e-10	4.066013e+01	2.187359e+02
4.610000e-06	6.616640e-09	8.632649e-10	4.030556e+01	2.167100e+02
4.620000e-06	6.557955e-09	8.545227e-10	3.994808e+01	2.146653e+02
4.630000e-06	6.498824e-09	8.458380e-10	3.958788e+01	2.126037e+02
4.640000e-06	6.439248e-09	8.374300e-10	3.922498e+01	2.105271e+02
4.650000e-06	6.379227e-09	8.297244e-10	3.885936e+01	2.084371e+02
4.660000e-06	6.318768e-09	8.222573e-10	3.849107e+01	2.063357e+02
4.670000e-06	6.257865e-09	8.140660e-10	3.812008e+01	2.042244e+02
4.680000e-06	6.196515e-09	8.058027e-10	3.774637e+01	2.021048e+02
4.690000e-06	6.134708e-09	7.979972e-10	3.736988e+01	1.999783e+02
4.700000e-06	6.072429e-09	7.898349e-10	3.699050e+01	1.978459e+02
4.710000e-06	6.009647e-09	7.810430e-10	3.660807e+01	1.957087e+02
4.720000e-06	5.946356e-09	7.721480e-10	3.622254e+01	1.935672e+02
4.730000e-06	5.882585e-09	7.636133e-10	3.583407e+01	1.914220e+02
4.740000e-06	5.818346e-09	7.556431e-10	3.544276e+01	1.892733e+02
4.750000e-06	5.753684e-09	7.480888e-10	3.504887e+01	1.871210e+02
4.760000e-06	5.688623e-09	7.402604e-10	3.465255e+01	1.849649e+02
4.770000e-06	5.623186e-09	7.315276e-10	3.425394e+01	1.828046e+02
4.780000e-06	5.557391e-09	7.224582e-10	3.385315e+01	1.806395e+02
4.790000e-06	5.491230e-09	7.140602e-10	3.345013e+01	1.784689e+02
4.800000e-06	5.424718e-09	7.059754e-10	3.304497e+01	1.762917e+02
4.810000e-06	5.357899e-09	6.971250e-10	3.263794e+01	1.741072e+02
4.820000e-06	5.290802e-09	6.876252e-10	3.222922e+01	1.719142e+02
4.830000e-06	5.223404e-09	6.785047e-10	3.181866e+01	1.697118e+02
4.840000e-06	5.155688e-09	6.699207e-10	3.140616e+01	1.674989e+02
4.850000e-06	5.087630e-09	6.614459e-10	3.099159e+01	1.652745e+02
4.860000e-06	5.019199e-09	6.530436e-10	3.057474e+01	1.630379e+02
4.870000e-06	4.950369e-09	6.444113e-10	3.015546e+01	1.607881e+02
4.880000e-06	4.881123e-09	6.356496e-10	2.973365e+01	1.585247e+02
4.890000e-06	4.811456e-09	6.271136e-10	2.930927e+01	1.562471e+02
4.900000e-06	4.741360e-09	6.181955e-10	2.888229e+01	1.539549e+02
4.910000e-06	4.670865e-09	6.082326e-10	2.845287e+01	1.516481e+02
4.920000e-06	4.599994e-09	5.982938e-10	2.802116e+01	1.493267e+02
4.930000e-06	4.528762e-09	5.893697e-10	2.758725e+01	1.469908e+02
4.940000e-06	4.457193e-09	5.808290e-10	2.715129e+01	1.446409e+02
4.950000e-06	4.385307e-09	5.720163e-10	2.671340e+01	1.422776e+02
4.960000e-06	4.313140e-09	5.630249e-10	2.627379e+01	1.399013e+02
4.970000e-06	4.240722e-09	5.540272e-10	2.583265e+01	1.375131e+02
4.980000e-06	4.168071e-09	5.449522e-10	2.539009e+01	1.351138e+02
4.990000e-06	4.095181e-09	5.356199e-10	2.494608e+01	1.327043e+02
5.000000e-06	4.022020e-09	5.258645e-10	2.450042e+01	1.302856e+02
5.010000e-06	3.948569e-09	5.159758e-10	2.405299e+01	1.278589e+02
5.020000e-06	3.874822e-09	5.063418e-10	2.360377e+01	1.254251e+02
5.030000e-06	3.800776e-09	4.972054e-10	2.315271e+01	1.229852e+02
5.040000e-06	3.726431e-09	4.881687e-10	2.269984e+01	1.205402e+02
5.050000e-06	3.651810e-09	4.786848e-10	2.224528e+01	1.180908e+02
5.060000e-06	3.576948e-09	4.688557e-10	2.178926e+01	1.156378e+02
5.070000e-06	3.501869e-09	4.591727e-10	2.133192e+01	1.131818e+02
5.080000e-06	3.426583e-09	4.502773e-10	2.087331e+01	1.107233e+02
5.090000e-06	3.351065e-09	4.407475e-10	2.041329e+01	1.082625e+02
5.100000e-06	3.275292e-09	4.306885e-10	1.995172e+01	1.057998e+02
5.110000e-06	3.199278e-09	4.217151e-10	1.948868e+01	1.033349e+02
5.120000e-06	3.123004e-09	4.125958e-10	1.902406e+01	1.008679e+02
5.130000e-06	3.046435e-09	4.027015e-10	1.855764e+01	9.839849e+01
5.140000e-06	2.969556e-09	3.920797e-10	1.808933e+01	9.592623e+01
5.150000e-06	2.892364e-09	3.816841e-10	1.761912e+01	9.345065e+01
5.160000e-06	2.814874e-09	3.712977e-10	1.714710e+01	9.097117e+01
5.170000e-06	2.737116e-09	3.612495e-10	1.667343e+01	8.848715e+01
5.180000e-06	2.659113e-09	3.522143e-10	1.619828e+01	8.599791e+01
5.190000e-06	2.580892e-09	3.434788e-10	1.572180e+01	8.350275e+01
5.200000e-06	2.502486e-09	3.348135e-10	1.524419e+01	8.100099e+01
5.210000e-06	2.423923e-09	3.249125e-10	1.476563e+01	7.849199e+01
5.220000e-06	2.345210e-09	3.138274e-10	1.428614e+01	7.597517e+01
5.230000e-06	2.266329e-09	3.016063e-10	1.380565e+01	7.345004e+01
5.240000e-06	2.187260e-09	2.888901e-10	1.332399e+01	7.091621e+01
5.250000e-06	2.107999e-09	2.775361e-10	1.284118e+01	6.837343e+01
5.260000e-06	2.028558e-09	2.680397e-10	1.235726e+01	6.582156e+01
5.270000e-06	1.948939e-09	2.600173e-10	1.187226e+01	6.326063e+01
5.280000e-06	1.869133e-09	2.517828e-10	1.138612e+01	6.069081e+01
5.290000e-06	1.789141e-09	2.419649e-10	1.089885e+01	5.811244e+01
5.300000e-06	1.708982e-09	2.307243e-10	1.041055e+01	5.552599e+01
5.310000e-06	1.628687e-09	2.185182e-10	9.921438e+00	5.293209e+01
5.320000e-06	1.548275e-09	2.058923e-10	9.431602e+00	5.033150e+01
5.330000e-06	1.467748e-09	1.937995e-10	8.941073e+00	4.772509e+01
5.340000e-06	1.387148e-09	1.836734e-10	8.450090e+00	4.511384e+01
5.350000e-06	1.306510e-09	1.754357e-10	7.958881e+00	4.249879e+01
5.360000e-06	1.225832e-09	1.674451e-10	7.467429e+00	3.988107e+01
5.370000e-06	1.145099e-09	1.586534e-10	6.975644e+00	3.726180e+01
5.380000e-06	1.064311e-09	1.486970e-10	6.483521e+00	3.464215e+01
5.390000e-06	9.834628e-10	1.374778e-10	5.991031e+00	3.202322e+01
5.400000e-06	9.025589e-10	1.256092e-10	5.498201e+00	2.940611e+01
5.410000e-06	8.215843e-10	1.139734e-10	5.004941e+00	2.679182e+01
5.420000e-06	7.405289e-10	1.031285e-10	4.511189e+00	2.418129e+01
5.430000e-06	6.593986e-10	9.296368e-11	4.016981e+00	2.157532e+01
5.440000e-06	5.782086e-10	8.353892e-11	3.522410e+00	1.897461e+01
5.450000e-06	4.969860e-10	7.445504e-11	3.027640e+00	1.637971e+01
5.460000e-06	4.157419e-10	6.476190e-11	2.532738e+00	1.379103e+01
5.470000e-06	3.344952e-10	5.403638e-11	2.037821e+00	1.120882e+01
5.480000e-06	2.532568e-10	4.272041e-11	1.542955e+00	8.633190e+00
5.490000e-06	1.720239e-10	3.150009e-11	1.048122e+00	6.064095e+00
5.500000e-06	9.081305e-11	2.062016e-11	5.534225e-01	3.501355e+00
5.510000e-06	9.621809e-12	9.972093e-12	5.884319e-02	9.446573e-01
5.520000e-06	-7.157372e-11	-3.989367e-13	-4.357625e-01	-1.606421e+00
5.530000e-06	-1.527753e-10	-1.028341e-11	-9.304055e-01	-4.152399e+00
5.540000e-06	-2.339728e-10	-1.990961e-11	-1.425023e+00	-6.693874e+00
5.550000e-06	-3.151661e-10	-2.980266e-11	-1.919615e+00	-9.231492e+00
5.560000e-06	-3.963642e-10	-4.051165e-11	-2.414236e+00	-1.176593e+01
5.570000e-06	-4.775617e-10	-5.182425e-11	-2.908854e+00	-1.429788e+01
5.580000e-06	-5.587381e-10	-6.281977e-11	-3.403343e+00	-1.682799e+01
5.590000e-06	-6.398778e-10	-7.314224e-11	-3.897608e+00	-1.935689e+01
5.600000e-06	-7.209677e-10	-8.335834e-11	-4.391571e+00	-2.188514e+01
5.610000e-06	-8.019771e-10	-9.364868e-11	-4.885043e+00	-2.441322e+01
5.620000e-06	-8.829093e-10	-1.037524e-10	-5.378045e+00	-2.694149e+01
5.630000e-06	-9.637720e-10	-1.136387e-10	-5.870624e+00	-2.947021e+01
5.640000e-06	-1.044557e-09	-1.235862e-10	-6.362729e+00	-3.199952e+01
5.650000e-06	-1.125276e-09	-1.335043e-10	-6.854431e+00	-3.452941e+01
5.660000e-06	-1.205926e-09	-1.433792e-10	-7.345717e+00	-3.705975e+01
5.670000e-06	-1.286493e-09	-1.535353e-10	-7.836494e+00	-3.959026e+01
5.680000e-06	-1.366987e-09	-1.640445e-10	-8.326826e+00	-4.212053e+01
5.690000e-06	-1.447414e-09	-1.744751e-10	-8.816747e+00	-4.465004e+01
5.700000e-06	-1.527766e-09	-1.846934e-10	-9.306215e+00	-4.717814e+01
5.710000e-06	-1.608035e-09	-1.949295e-10	-9.795176e+00	-4.970410e+01
5.720000e-06	-1.688182e-09	-2.050998e-10	-1.028339e+01	-5.222711e+01
5.730000e-06	-1.768175e-09	-2.148165e-10	-1.077068e+01	-5.474629e+01
5.740000e-06	-1.848001e-09	-2.242535e-10	-1.125694e+01	-5.726074e+01
5.750000e-06	-1.927643e-09	-2.338892e-10	-1.174208e+01	-5.976952e+01
5.760000e-06	-2.007082e-09	-2.437132e-10	-1.222598e+01	-6.227174e+01
5.770000e-06	-2.086323e-09	-2.538412e-10	-1.270868e+01	-6.476651e+01
5.780000e-06	-2.165365e-09	-2.642056e-10	-1.319016e+01	-6.725299e+01
5.790000e-06	-2.244208e-09	-2.743384e-10	-1.367044e+01	-6.973042e+01
5.800000e-06	-2.322873e-09	-2.840849e-10	-1.414963e+01	-7.219815e+01
5.810000e-06	-2.401361e-09	-2.936990e-10	-1.462774e+01	-7.465562e+01
5.820000e-06	-2.479672e-09	-3.032831e-10	-1.510477e+01	-7.710236e+01
5.830000e-06	-2.557794e-09	-3.129243e-10	-1.558064e+01	-7.953808e+01
5.840000e-06	-2.635726e-09	-3.227763e-10	-1.605537e+01	-8.196257e+01
5.850000e-06	-2.713476e-09	-3.328945e-10	-1.652898e+01	-8.437579e+01
5.860000e-06	-2.791014e-09	-3.431235e-10	-1.700130e+01	-8.677780e+01
5.870000e-06	-2.868285e-09	-3.531720e-10	-1.747200e+01	-8.916879e+01
5.880000e-06	-2.945270e-09	-3.627451e-10	-1.794095e+01	-9.154907e+01
5.890000e-06	-3.021957e-09	-3.719909e-10	-1.840809e+01	-9.391904e+01
5.900000e-06	-3.098330e-09	-3.814618e-10	-1.887331e+01	-9.627917e+01
5.910000e-06	-3.174394e-09	-3.911652e-10	-1.933666e+01	-9.863001e+01
5.920000e-06	-3.250175e-09	-4.006534e-10	-1.979828e+01	-1.009721e+02
5.930000e-06	-3.325686e-09	-4.098179e-10	-2.025826e+01	-1.033062e+02
5.940000e-06	-3.400956e-09	-4.189456e-10	-2.071676e+01	-1.056327e+02
5.950000e-06	-3.476017e-09	-4.283380e-10	-2.117400e+01	-1.079522e+02
5.960000e-06	-3.550868e-09	-4.378067e-10	-2.162996e+01	-1.102653e+02
5.970000e-06	-3.625480e-09	-4.470185e-10	-2.208446e+01	-1.125725e+02
5.980000e-06	-3.699833e-09	-4.564003e-10	-2.253738e+01	-1.148740e+02
5.990000e-06	-3.773924e-09	-4.654755e-10	-2.298871e+01	-1.171702e+02
6.000000e-06	-3.847729e-09	-4.740451e-10	-2.343830e+01	-1.194612e+02
6.010000e-06	-3.921245e-09	-4.829220e-10	-2.388613e+01	-1.217469e+02
6.020000e-06	-3.994505e-09	-4.921925e-10	-2.433239e+01	-1.240273e+02
6.030000e-06	-4.067511e-09	-5.014405e-10	-2.477711e+01	-1.263022e+02
6.040000e-06	-4.140262e-09	-5.104303e-10	-2.522027e+01	-1.285710e+02
6.050000e-06	-4.212765e-09	-5.195739e-10	-2.566194e+01	-1.308334e+02
6.060000e-06	-4.285013e-09	-5.282845e-10	-2.610203e+01	-1.330886e+02
6.070000e-06	-4.356965e-09	-5.360899e-10	-2.654033e+01	-1.353360e+02
6.080000e-06	-4.428602e-09	-5.436038e-10	-2.697671e+01	-1.375746e+02
6.090000e-06	-4.499920e-09	-5.518843e-10	-2.741115e+01	-1.398037e+02
6.100000e-06	-4.570899e-09	-5.612204e-10	-2.784352e+01	-1.420222e+02
6.110000e-06	-4.641514e-09	-5.709590e-10	-2.827368e+01	-1.442292e+02
6.120000e-06	-4.711759e-09	-5.803195e-10	-2.870157e+01	-1.464237e+02
6.130000e-06	-4.781641e-09	-5.890155e-10	-2.912725e+01	-1.486048e+02
6.140000e-06	-4.851140e-09	-5.972710e-10	-2.955061e+01	-1.507717e+02
6.150000e-06	-4.920239e-09	-6.051574e-10	-2.997153e+01	-1.529234e+02
6.160000e-06	-4.988933e-09	-6.123483e-10	-3.038998e+01	-1.550592e+02
6.170000e-06	-5.057213e-09	-6.196123e-10	-3.080591e+01	-1.571787e+02
6.180000e-06	-5.125091e-09	-6.279392e-10	-3.121939e+01	-1.592812e+02
6.190000e-06	-5.192612e-09	-6.370362e-10	-3.163070e+01	-1.613664e+02
6.200000e-06	-5.259818e-09	-6.463729e-10	-3.204009e+01	-1.634342e+02
6.210000e-06	-5.326719e-09	-6.552305e-10	-3.244762e+01	-1.654846e+02
6.220000e-06	-5.393315e-09	-6.631996e-10	-3.285329e+01	-1.675176e+02
6.230000e-06	-5.459577e-09	-6.702460e-10	-3.325693e+01	-1.695337e+02
6.240000e-06	-5.525463e-09	-6.771320e-10	-3.365828e+01	-1.715331e+02
6.250000e-06	-5.590969e-09	-6.845415e-10	-3.405731e+01	-1.735165e+02
6.260000e-06	-5.656115e-09	-6.924031e-10	-3.445415e+01	-1.754846e+02
6.270000e-06	-5.720902e-09	-7.004798e-10	-3.484880e+01	-1.774382e+02
6.280000e-06	-5.785329e-09	-7.085415e-10	-3.524126e+01	-1.793781e+02
6.290000e-06	-5.849364e-09	-7.162496e-10	-3.563134e+01	-1.813053e+02
6.300000e-06	-5.912951e-09	-7.234361e-10	-3.601868e+01	-1.832208e+02
6.310000e-06	-5.976055e-09	-7.301087e-10	-3.640308e+01	-1.851254e+02
6.320000e-06	-6.038668e-09	-7.367510e-10	-3.678449e+01	-1.870201e+02
6.330000e-06	-6.100785e-09	-7.439556e-10	-3.716287e+01	-1.889058e+02
6.340000e-06	-6.162416e-09	-7.516545e-10	-3.753830e+01	-1.907832e+02
6.350000e-06	-6.223589e-09	-7.593276e-10	-3.791094e+01	-1.926532e+02
6.360000e-06	-6.284305e-09	-7.667251e-10	-3.828079e+01	-1.945161e+02
6.370000e-06	-6.344573e-09	-7.738417e-10	-3.864791e+01	-1.963725e+02
6.380000e-06	-6.404400e-09	-7.807779e-10	-3.901235e+01	-1.982227e+02
6.390000e-06	-6.463797e-09	-7.874187e-10	-3.937418e+01	-2.000667e+02
6.400000e-06	-6.522787e-09	-7.938493e-10	-3.973352e+01	-2.019045e+02
6.410000e-06	-6.581345e-09	-8.006400e-10	-4.009022e+01	-2.037358e+02
6.420000e-06	-6.639414e-09	-8.078647e-10	-4.044395e+01	-2.055603e+02
6.430000e-06	-6.696978e-09	-8.152260e-10	-4.079461e+01	-2.073774e+02
6.440000e-06	-6.754062e-09	-8.224751e-10	-4.114234e+01	-2.091864e+02
6.450000e-06	-6.810707e-09	-8.292914e-10	-4.148739e+01	-2.109865e+02
6.460000e-06	-6.866921e-09	-8.357654e-10	-4.182983e+01	-2.127767e+02
6.470000e-06	-6.922660e-09	-8.423561e-10	-4.216936e+01	-2.145561e+02
6.480000e-06	-6.977865e-09	-8.492410e-10	-4.250564e+01	-2.163234e+02
6.490000e-06	-7.032504e-09	-8.561437e-10	-4.283848e+01	-2.180778e+02
6.500000e-06	-7.086541e-09	-8.628411e-10	-4.316765e+01	-2.198179e+02
6.510000e-06	-7.139946e-09	-8.694199e-10	-4.349296e+01	-2.215429e+02
6.520000e-06	-7.192712e-09	-8.757422e-10	-4.381439e+01	-2.232515e+02
6.530000e-06	-7.244855e-09	-8.818054e-10	-4.413202e+01	-2.249430e+02
6.540000e-06	-7.296422e-09	-8.880148e-10	-4.444614e+01	-2.266164e+02
6.550000e-06	-7.347449e-09	-8.945697e-10	-4.475698e+01	-2.282711e+02
6.560000e-06	-7.397885e-09	-9.010172e-10	-4.506421e+01	-2.299065e+02
6.570000e-06	-7.447658e-09	-9.071292e-10	-4.536741e+01	-2.315222e+02
6.580000e-06	-7.496708e-09	-9.131656e-10	-4.566619e+01	-2.331180e+02
6.590000e-06	-7.545034e-09	-9.191268e-10	-4.596057e+01	-2.346939e+02
6.600000e-06	-7.592682e-09	-9.248426e-10	-4.625082e+01	-2.362499e+02
6.610000e-06	-7.639736e-09	-9.303221e-10	-4.653745e+01	-2.377864e+02
6.620000e-06	-7.686292e-09	-9.358563e-10	-4.682105e+01	-2.393038e+02
6.630000e-06	-7.732382e-09	-9.417502e-10	-4.710181e+01	-2.408026e+02
6.640000e-06	-7.778020e-09	-9.479681e-10	-4.737981e+01	-2.422838e+02
6.650000e-06	-7.823188e-09	-9.538943e-10	-4.765496e+01	-2.437479e+02
6.660000e-06	-7.867889e-09	-9.590188e-10	-4.792726e+01	-2.451960e+02
6.670000e-06	-7.912141e-09	-9.641011e-10	-4.819682e+01	-2.466290e+02
6.680000e-06	-7.955945e-09	-9.697008e-10	-4.846366e+01	-2.480478e+02
6.690000e-06	-7.999268e-09	-9.753772e-10	-4.872756e+01	-2.494535e+02
6.700000e-06	-8.042068e-09	-9.805545e-10	-4.898828e+01	-2.508467e+02
6.710000e-06	-8.084316e-09	-9.853891e-10	-4.924564e+01	-2.522285e+02
6.720000e-06	-8.125993e-09	-9.906161e-10	-4.949952e+01	-2.535995e+02
6.730000e-06	-8.167116e-09	-9.961774e-10	-4.975002e+01	-2.549602e+02
6.740000e-06	-8.207734e-09	-1.001252e-09	-4.999745e+01	-2.563111e+02
6.750000e-06	-8.247877e-09	-1.005431e-09	-5.024198e+01	-2.576524e+02
6.760000e-06	-8.287530e-09	-1.009405e-09	-5.048353e+01	-2.589842e+02
6.770000e-06	-8.326612e-09	-1.014330e-09	-5.072160e+01	-2.603064e+02
6.780000e-06	-8.364986e-09	-1.020157e-09	-5.095536e+01	-2.616185e+02
6.790000e-06	-8.402571e-09	-1.025641e-09	-5.118431e+01	-2.629201e+02
6.800000e-06	-8.439414e-09	-1.030316e-09	-5.140874e+01	-2.642104e+02
6.810000e-06	-8.475640e-09	-1.034875e-09	-5.162941e+01	-2.654885e+02
6.820000e-06	-8.511337e-09	-1.039690e-09	-5.184686e+01	-2.667533e+02
6.830000e-06	-8.546480e-09	-1.044446e-09	-5.206094e+01	-2.680036e+02
6.840000e-06	-8.581024e-09	-1.048687e-09	-5.227137e+01	-2.692381e+02
6.850000e-06	-8.614938e-09	-1.052389e-09	-5.247795e+01	-2.704554e+02
6.860000e-06	-8.648206e-09	-1.056465e-09	-5.268061e+01	-2.716540e+02
6.870000e-06	-8.680905e-09	-1.061496e-09	-5.287980e+01	-2.728325e+02
6.880000e-06	-8.713118e-09	-1.066663e-09	-5.307603e+01	-2.739895e+02
6.890000e-06	-8.744821e-09	-1.070988e-09	-5.326915e+01	-2.751235e+02
6.900000e-06	-8.775881e-09	-1.074697e-09	-5.345835e+01	-2.762333e+02
6.910000e-06	-8.806123e-09	-1.078262e-09	-5.364257e+01	-2.773177e+02
6.920000e-06	-8.835496e-09	-1.081988e-09	-5.382150e+01	-2.783758e+02
6.930000e-06	-8.864137e-09	-1.085799e-09	-5.399597e+01	-2.794067e+02
6.940000e-06	-8.892205e-09	-1.089311e-09	-5.416695e+01	-2.804097e+02
6.950000e-06	-8.919752e-09	-1.092805e-09	-5.433475e+01	-2.813846e+02
6.960000e-06	-8.946706e-09	-1.096615e-09	-5.449895e+01	-2.823311e+02
6.970000e-06	-8.972996e-09	-1.100622e-09	-5.465909e+01	-2.832493e+02
6.980000e-06	-8.998607e-09	-1.104285e-09	-5.481510e+01	-2.841395e+02
6.990000e-06	-9.023553e-09	-1.107316e-09	-5.496707e+01	-2.850021e+02
7.000000e-06	-9.047950e-09	-1.110115e-09	-5.511568e+01	-2.858379e+02
7.010000e-06	-9.071907e-09	-1.113167e-09	-5.526162e+01	-2.866477e+02
7.020000e-06	-9.095353e-09	-1.116462e-09	-5.540445e+01	-2.874325e+02
7.030000e-06	-9.118028e-09	-1.119462e-09	-5.554257e+01	-2.881935e+02
7.040000e-06	-9.139761e-09	-1.121935e-09	-5.567496e+01	-2.889319e+02
7.050000e-06	-9.160653e-09	-1.124462e-09	-5.580223e+01	-2.896488e+02
7.060000e-06	-9.180921e-09	-1.127530e-09	-5.592569e+01	-2.903456e+02
7.070000e-06	-9.200695e-09	-1.130880e-09	-5.604615e+01	-2.910234e+02
7.080000e-06	-9.219913e-09	-1.133576e-09	-5.616321e+01	-2.916833e+02
7.090000e-06	-9.238486e-09	-1.136186e-09	-5.627636e+01	-2.923262e+02
7.100000e-06	-9.256409e-09	-1.138754e-09	-5.638553e+01	-2.929529e+02
7.110000e-06	-9.273683e-09	-1.140548e-09	-5.649076e+01	-2.935641e+02
7.120000e-06	-9.290336e-09	-1.142729e-09	-5.659221e+01	-2.941600e+02
7.130000e-06	-9.306476e-09	-1.145256e-09	-5.669052e+01	-2.947408e+02
7.140000e-06	-9.322076e-09	-1.147667e-09	-5.678555e+01	-2.953061e+02
7.150000e-06	-9.336855e-09	-1.149757e-09	-5.687558e+01	-2.958557e+02
7.160000e-06	-9.350594e-09	-1.152304e-09	-5.695928e+01	-2.963886e+02
7.170000e-06	-9.363400e-09	-1.154841e-09	-5.703729e+01	-2.969039e+02
7.180000e-06	-9.375520e-09	-1.156160e-09	-5.711112e+01	-2.974002e+02
7.190000e-06	-9.387004e-09	-1.156749e-09	-5.718107e+01	-2.978760e+02
7.200000e-06	-9.397805e-09	-1.157396e-09	-5.724687e+01	-2.983296e+02
7.210000e-06	-9.407950e-09	-1.159000e-09	-5.730867e+01	-2.987590e+02
7.220000e-06	-9.417430e-09	-1.161086e-09	-5.736642e+01	-2.991622e+02
7.230000e-06	-9.426233e-09	-1.162886e-09	-5.742004e+01	-2.995370e+02
7.240000e-06	-9.434480e-09	-1.164613e-09	-5.747028e+01	-2.998814e+02
7.250000e-06	-9.442241e-09	-1.166579e-09	-5.751756e+01	-3.001933e+02
7.260000e-06	-9.449349e-09	-1.167994e-09	-5.756086e+01	-3.004706e+02
7.270000e-06	-9.455556e-09	-1.167967e-09	-5.759867e+01	-3.007117e+02
7.280000e-06	-9.460803e-09	-1.166907e-09	-5.763064e+01	-3.009149e+02
7.290000e-06	-9.465295e-09	-1.166225e-09	-5.765800e+01	-3.010789e+02
7.300000e-06	-9.469265e-09	-1.166703e-09	-5.768219e+01	-3.012028e+02
7.310000e-06	-9.472724e-09	-1.168206e-09	-5.770326e+01	-3.012860e+02
7.320000e-06	-9.475565e-09	-1.169927e-09	-5.772057e+01	-3.013284e+02
7.330000e-06	-9.477789e-09	-1.171001e-09	-5.773412e+01	-3.013304e+02
7.340000e-06	-9.479374e-09	-1.171152e-09	-5.774377e+01	-3.012926e+02
7.350000e-06	-9.480235e-09	-1.170955e-09	-5.774902e+01	-3.012166e+02
