# Temperatura_=_20.0
# Concentracion g/m^3_=_10000.0
# C_Vs_to_Am_M_A/Vsm_=_254322799225.57578
# pendiente_HvsI_1/m_=_3716.3
# ordenada_HvsI_A/m_=_1297.0
# frecuencia_Hz_=_135926.73654246025
# Promedio de 40 ciclos

Tiempo_(s)	Campo_(V.s)	Magnetizacion_(V.s)	Campo_(kA/m)	Magnetizacion_(A/m)
0.000000e+00	-9.485308e-09	-1.315598e-09	-5.775267e+01	-3.334161e+02
1.000000e-08	-9.485282e-09	-1.316196e-09	-5.775251e+01	-3.333020e+02
2.000000e-08	-9.484768e-09	-1.316568e-09	-5.774938e+01	-3.331820e+02
3.000000e-08	-9.483558e-09	-1.316608e-09	-5.774201e+01	-3.330600e+02
4.000000e-08	-9.481466e-09	-1.316438e-09	-5.772928e+01	-3.329394e+02
5.000000e-08	-9.478495e-09	-1.316142e-09	-5.771118e+01	-3.328237e+02
6.000000e-08	-9.474861e-09	-1.315373e-09	-5.768906e+01	-3.327158e+02
7.000000e-08	-9.470784e-09	-1.313547e-09	-5.766423e+01	-3.326183e+02
8.000000e-08	-9.466242e-09	-1.310843e-09	-5.763658e+01	-3.325332e+02
9.000000e-08	-9.460983e-09	-1.311268e-09	-5.760456e+01	-3.324622e+02
1.000000e-07	-9.454677e-09	-1.316867e-09	-5.756616e+01	-3.324061e+02
1.100000e-07	-9.447113e-09	-1.317287e-09	-5.752010e+01	-3.323652e+02
1.200000e-07	-9.438436e-09	-1.306979e-09	-5.746727e+01	-3.323395e+02
1.300000e-07	-9.429253e-09	-1.298709e-09	-5.741136e+01	-3.323279e+02
1.400000e-07	-9.420062e-09	-1.311589e-09	-5.735540e+01	-3.323289e+02
1.500000e-07	-9.410386e-09	-1.330396e-09	-5.729648e+01	-3.323403e+02
1.600000e-07	-9.399536e-09	-1.315859e-09	-5.723042e+01	-3.323595e+02
1.700000e-07	-9.387832e-09	-1.292947e-09	-5.715916e+01	-3.323832e+02
1.800000e-07	-9.375624e-09	-1.299722e-09	-5.708482e+01	-3.324075e+02
1.900000e-07	-9.362624e-09	-1.300661e-09	-5.700567e+01	-3.324284e+02
2.000000e-07	-9.348901e-09	-1.284237e-09	-5.692212e+01	-3.324412e+02
2.100000e-07	-9.334642e-09	-1.293417e-09	-5.683529e+01	-3.324412e+02
2.200000e-07	-9.319400e-09	-1.315379e-09	-5.674249e+01	-3.324233e+02
2.300000e-07	-9.303060e-09	-1.315285e-09	-5.664300e+01	-3.323823e+02
2.400000e-07	-9.286139e-09	-1.322771e-09	-5.653998e+01	-3.323132e+02
2.500000e-07	-9.268663e-09	-1.342872e-09	-5.643357e+01	-3.322109e+02
2.600000e-07	-9.250467e-09	-1.331735e-09	-5.632278e+01	-3.320704e+02
2.700000e-07	-9.231689e-09	-1.314773e-09	-5.620845e+01	-3.318871e+02
2.800000e-07	-9.212303e-09	-1.318052e-09	-5.609041e+01	-3.316567e+02
2.900000e-07	-9.192311e-09	-1.302951e-09	-5.596868e+01	-3.313752e+02
3.000000e-07	-9.171870e-09	-1.276646e-09	-5.584422e+01	-3.310392e+02
3.100000e-07	-9.150871e-09	-1.276237e-09	-5.571637e+01	-3.306458e+02
3.200000e-07	-9.129157e-09	-1.275282e-09	-5.558416e+01	-3.301926e+02
3.300000e-07	-9.106824e-09	-1.260851e-09	-5.544818e+01	-3.296778e+02
3.400000e-07	-9.083915e-09	-1.267039e-09	-5.530869e+01	-3.291004e+02
3.500000e-07	-9.060419e-09	-1.276917e-09	-5.516563e+01	-3.284599e+02
3.600000e-07	-9.036427e-09	-1.270971e-09	-5.501955e+01	-3.277564e+02
3.700000e-07	-9.011892e-09	-1.265884e-09	-5.487017e+01	-3.269907e+02
3.800000e-07	-8.986609e-09	-1.262588e-09	-5.471622e+01	-3.261641e+02
3.900000e-07	-8.960401e-09	-1.261402e-09	-5.455665e+01	-3.252787e+02
4.000000e-07	-8.933261e-09	-1.258782e-09	-5.439140e+01	-3.243367e+02
4.100000e-07	-8.905385e-09	-1.250547e-09	-5.422168e+01	-3.233412e+02
4.200000e-07	-8.876935e-09	-1.249565e-09	-5.404845e+01	-3.222953e+02
4.300000e-07	-8.847919e-09	-1.248079e-09	-5.387179e+01	-3.212027e+02
4.400000e-07	-8.818320e-09	-1.237820e-09	-5.369156e+01	-3.200671e+02
4.500000e-07	-8.788120e-09	-1.236071e-09	-5.350769e+01	-3.188925e+02
4.600000e-07	-8.757329e-09	-1.237519e-09	-5.332021e+01	-3.176830e+02
4.700000e-07	-8.725990e-09	-1.227617e-09	-5.312940e+01	-3.164425e+02
4.800000e-07	-8.694200e-09	-1.220904e-09	-5.293584e+01	-3.151752e+02
4.900000e-07	-8.661975e-09	-1.222663e-09	-5.273963e+01	-3.138846e+02
5.000000e-07	-8.629156e-09	-1.217062e-09	-5.253981e+01	-3.125746e+02
5.100000e-07	-8.595555e-09	-1.208531e-09	-5.233522e+01	-3.112483e+02
5.200000e-07	-8.561079e-09	-1.206720e-09	-5.212531e+01	-3.099087e+02
5.300000e-07	-8.525791e-09	-1.202539e-09	-5.191045e+01	-3.085585e+02
5.400000e-07	-8.489863e-09	-1.194902e-09	-5.169169e+01	-3.071998e+02
5.500000e-07	-8.453389e-09	-1.191174e-09	-5.146961e+01	-3.058343e+02
5.600000e-07	-8.416321e-09	-1.187646e-09	-5.124392e+01	-3.044634e+02
5.700000e-07	-8.378625e-09	-1.182175e-09	-5.101440e+01	-3.030878e+02
5.800000e-07	-8.340322e-09	-1.178088e-09	-5.078118e+01	-3.017079e+02
5.900000e-07	-8.301477e-09	-1.173270e-09	-5.054467e+01	-3.003238e+02
6.000000e-07	-8.262161e-09	-1.167089e-09	-5.030529e+01	-2.989348e+02
6.100000e-07	-8.222388e-09	-1.160679e-09	-5.006312e+01	-2.975402e+02
6.200000e-07	-8.182137e-09	-1.154507e-09	-4.981805e+01	-2.961388e+02
6.300000e-07	-8.141298e-09	-1.149293e-09	-4.956939e+01	-2.947292e+02
6.400000e-07	-8.099724e-09	-1.144866e-09	-4.931626e+01	-2.933096e+02
6.500000e-07	-8.057364e-09	-1.140451e-09	-4.905835e+01	-2.918781e+02
6.600000e-07	-8.014234e-09	-1.136229e-09	-4.879574e+01	-2.904328e+02
6.700000e-07	-7.970427e-09	-1.131422e-09	-4.852902e+01	-2.889716e+02
6.800000e-07	-7.926072e-09	-1.124398e-09	-4.825895e+01	-2.874924e+02
6.900000e-07	-7.881212e-09	-1.116569e-09	-4.798582e+01	-2.859931e+02
7.000000e-07	-7.835801e-09	-1.109331e-09	-4.770932e+01	-2.844719e+02
7.100000e-07	-7.789780e-09	-1.102200e-09	-4.742912e+01	-2.829268e+02
7.200000e-07	-7.743195e-09	-1.096164e-09	-4.714548e+01	-2.813564e+02
7.300000e-07	-7.696145e-09	-1.091685e-09	-4.685900e+01	-2.797591e+02
7.400000e-07	-7.648643e-09	-1.087147e-09	-4.656978e+01	-2.781339e+02
7.500000e-07	-7.600646e-09	-1.081476e-09	-4.627754e+01	-2.764797e+02
7.600000e-07	-7.552076e-09	-1.074936e-09	-4.598182e+01	-2.747961e+02
7.700000e-07	-7.502833e-09	-1.067909e-09	-4.568200e+01	-2.730826e+02
7.800000e-07	-7.452888e-09	-1.060511e-09	-4.537790e+01	-2.713392e+02
7.900000e-07	-7.402208e-09	-1.053072e-09	-4.506933e+01	-2.695661e+02
8.000000e-07	-7.350749e-09	-1.046015e-09	-4.475601e+01	-2.677637e+02
8.100000e-07	-7.298600e-09	-1.039637e-09	-4.443849e+01	-2.659326e+02
8.200000e-07	-7.245884e-09	-1.033782e-09	-4.411752e+01	-2.640739e+02
8.300000e-07	-7.192654e-09	-1.027595e-09	-4.379342e+01	-2.621884e+02
8.400000e-07	-7.138886e-09	-1.020798e-09	-4.346604e+01	-2.602773e+02
8.500000e-07	-7.084569e-09	-1.013370e-09	-4.313532e+01	-2.583419e+02
8.600000e-07	-7.029781e-09	-1.004796e-09	-4.280174e+01	-2.563835e+02
8.700000e-07	-6.974599e-09	-9.960574e-10	-4.246575e+01	-2.544033e+02
8.800000e-07	-6.919040e-09	-9.883617e-10	-4.212748e+01	-2.524026e+02
8.900000e-07	-6.863083e-09	-9.815511e-10	-4.178677e+01	-2.503827e+02
9.000000e-07	-6.806690e-09	-9.751400e-10	-4.144341e+01	-2.483446e+02
9.100000e-07	-6.749785e-09	-9.687010e-10	-4.109694e+01	-2.462893e+02
9.200000e-07	-6.692301e-09	-9.616420e-10	-4.074693e+01	-2.442178e+02
9.300000e-07	-6.634210e-09	-9.534010e-10	-4.039324e+01	-2.421305e+02
9.400000e-07	-6.575479e-09	-9.436871e-10	-4.003565e+01	-2.400281e+02
9.500000e-07	-6.516140e-09	-9.334003e-10	-3.967435e+01	-2.379108e+02
9.600000e-07	-6.456283e-09	-9.240807e-10	-3.930991e+01	-2.357788e+02
9.700000e-07	-6.396001e-09	-9.167111e-10	-3.894287e+01	-2.336320e+02
9.800000e-07	-6.335340e-09	-9.101135e-10	-3.857352e+01	-2.314702e+02
9.900000e-07	-6.274296e-09	-9.025790e-10	-3.820185e+01	-2.292930e+02
1.000000e-06	-6.212857e-09	-8.939354e-10	-3.782776e+01	-2.270999e+02
1.010000e-06	-6.151016e-09	-8.850403e-10	-3.745124e+01	-2.248903e+02
1.020000e-06	-6.088804e-09	-8.760907e-10	-3.707245e+01	-2.226635e+02
1.030000e-06	-6.026238e-09	-8.660851e-10	-3.669150e+01	-2.204187e+02
1.040000e-06	-5.963300e-09	-8.556209e-10	-3.630830e+01	-2.181552e+02
1.050000e-06	-5.899954e-09	-8.461238e-10	-3.592260e+01	-2.158722e+02
1.060000e-06	-5.836189e-09	-8.378035e-10	-3.553436e+01	-2.135691e+02
1.070000e-06	-5.771987e-09	-8.298482e-10	-3.514345e+01	-2.112452e+02
1.080000e-06	-5.707326e-09	-8.212057e-10	-3.474976e+01	-2.089001e+02
1.090000e-06	-5.642203e-09	-8.113704e-10	-3.435325e+01	-2.065333e+02
1.100000e-06	-5.576629e-09	-8.006197e-10	-3.395399e+01	-2.041447e+02
1.110000e-06	-5.510627e-09	-7.899706e-10	-3.355213e+01	-2.017342e+02
1.120000e-06	-5.444207e-09	-7.802421e-10	-3.314772e+01	-1.993019e+02
1.130000e-06	-5.377402e-09	-7.706779e-10	-3.274097e+01	-1.968482e+02
1.140000e-06	-5.310206e-09	-7.607390e-10	-3.233183e+01	-1.943736e+02
1.150000e-06	-5.242622e-09	-7.511836e-10	-3.192034e+01	-1.918787e+02
1.160000e-06	-5.174692e-09	-7.423672e-10	-3.150674e+01	-1.893645e+02
1.170000e-06	-5.106439e-09	-7.333279e-10	-3.109116e+01	-1.868321e+02
1.180000e-06	-5.037863e-09	-7.232882e-10	-3.067362e+01	-1.842825e+02
1.190000e-06	-4.968960e-09	-7.122966e-10	-3.025410e+01	-1.817172e+02
1.200000e-06	-4.899715e-09	-7.009693e-10	-2.983249e+01	-1.791374e+02
1.210000e-06	-4.830086e-09	-6.903790e-10	-2.940854e+01	-1.765447e+02
1.220000e-06	-4.760056e-09	-6.807926e-10	-2.898215e+01	-1.739406e+02
1.230000e-06	-4.689677e-09	-6.713549e-10	-2.855364e+01	-1.713266e+02
1.240000e-06	-4.619003e-09	-6.613156e-10	-2.812333e+01	-1.687041e+02
1.250000e-06	-4.548037e-09	-6.507498e-10	-2.769125e+01	-1.660746e+02
1.260000e-06	-4.476802e-09	-6.403480e-10	-2.725752e+01	-1.634393e+02
1.270000e-06	-4.405290e-09	-6.304188e-10	-2.682211e+01	-1.607994e+02
1.280000e-06	-4.333474e-09	-6.195294e-10	-2.638484e+01	-1.581560e+02
1.290000e-06	-4.261356e-09	-6.078317e-10	-2.594574e+01	-1.555099e+02
1.300000e-06	-4.188946e-09	-5.972902e-10	-2.550486e+01	-1.528619e+02
1.310000e-06	-4.116216e-09	-5.882485e-10	-2.506203e+01	-1.502123e+02
1.320000e-06	-4.043150e-09	-5.791603e-10	-2.461716e+01	-1.475616e+02
1.330000e-06	-3.969744e-09	-5.689288e-10	-2.417022e+01	-1.449097e+02
1.340000e-06	-3.895972e-09	-5.579940e-10	-2.372105e+01	-1.422566e+02
1.350000e-06	-3.821838e-09	-5.470509e-10	-2.326968e+01	-1.396019e+02
1.360000e-06	-3.747353e-09	-5.364271e-10	-2.281616e+01	-1.369451e+02
1.370000e-06	-3.672532e-09	-5.254171e-10	-2.236060e+01	-1.342857e+02
1.380000e-06	-3.597398e-09	-5.140606e-10	-2.190314e+01	-1.316227e+02
1.390000e-06	-3.521960e-09	-5.032014e-10	-2.144383e+01	-1.289554e+02
1.400000e-06	-3.446239e-09	-4.929134e-10	-2.098279e+01	-1.262827e+02
1.410000e-06	-3.370257e-09	-4.831120e-10	-2.052016e+01	-1.236037e+02
1.420000e-06	-3.294029e-09	-4.732783e-10	-2.005603e+01	-1.209172e+02
1.430000e-06	-3.217561e-09	-4.620486e-10	-1.959045e+01	-1.182223e+02
1.440000e-06	-3.140857e-09	-4.499907e-10	-1.912342e+01	-1.155180e+02
1.450000e-06	-3.063931e-09	-4.383708e-10	-1.865504e+01	-1.128034e+02
1.460000e-06	-2.986761e-09	-4.270591e-10	-1.818518e+01	-1.100776e+02
1.470000e-06	-2.909321e-09	-4.163066e-10	-1.771368e+01	-1.073401e+02
1.480000e-06	-2.831593e-09	-4.057666e-10	-1.724042e+01	-1.045903e+02
1.490000e-06	-2.753578e-09	-3.951288e-10	-1.676542e+01	-1.018279e+02
1.500000e-06	-2.675314e-09	-3.844135e-10	-1.628890e+01	-9.905264e+01
1.510000e-06	-2.596811e-09	-3.738319e-10	-1.581092e+01	-9.626463e+01
1.520000e-06	-2.518101e-09	-3.626369e-10	-1.533169e+01	-9.346408e+01
1.530000e-06	-2.439234e-09	-3.503669e-10	-1.485149e+01	-9.065141e+01
1.540000e-06	-2.360209e-09	-3.379639e-10	-1.437034e+01	-8.782720e+01
1.550000e-06	-2.281016e-09	-3.264575e-10	-1.388817e+01	-8.499223e+01
1.560000e-06	-2.201682e-09	-3.165421e-10	-1.340513e+01	-8.214744e+01
1.570000e-06	-2.122197e-09	-3.071018e-10	-1.292117e+01	-7.929388e+01
1.580000e-06	-2.042544e-09	-2.970893e-10	-1.243619e+01	-7.643273e+01
1.590000e-06	-1.962727e-09	-2.865557e-10	-1.195022e+01	-7.356525e+01
1.600000e-06	-1.882721e-09	-2.758172e-10	-1.146309e+01	-7.069277e+01
1.610000e-06	-1.802532e-09	-2.643825e-10	-1.097485e+01	-6.781663e+01
1.620000e-06	-1.722191e-09	-2.515521e-10	-1.048568e+01	-6.493817e+01
1.630000e-06	-1.641685e-09	-2.383388e-10	-9.995508e+00	-6.205871e+01
1.640000e-06	-1.561027e-09	-2.264348e-10	-9.504410e+00	-5.917950e+01
1.650000e-06	-1.480265e-09	-2.161814e-10	-9.012676e+00	-5.630170e+01
1.660000e-06	-1.399411e-09	-2.065216e-10	-8.520384e+00	-5.342637e+01
1.670000e-06	-1.318485e-09	-1.962350e-10	-8.027656e+00	-5.055443e+01
1.680000e-06	-1.237514e-09	-1.850268e-10	-7.534652e+00	-4.768664e+01
1.690000e-06	-1.156489e-09	-1.733743e-10	-7.041319e+00	-4.482362e+01
1.700000e-06	-1.075377e-09	-1.618168e-10	-6.547456e+00	-4.196579e+01
1.710000e-06	-9.941806e-10	-1.504037e-10	-6.053078e+00	-3.911341e+01
1.720000e-06	-9.129092e-10	-1.389037e-10	-5.558244e+00	-3.626656e+01
1.730000e-06	-8.315563e-10	-1.274330e-10	-5.062914e+00	-3.342516e+01
1.740000e-06	-7.501198e-10	-1.165341e-10	-4.567074e+00	-3.058895e+01
1.750000e-06	-6.686078e-10	-1.061844e-10	-4.070775e+00	-2.775755e+01
1.760000e-06	-5.870159e-10	-9.540703e-11	-3.573990e+00	-2.493042e+01
1.770000e-06	-5.053571e-10	-8.351602e-11	-3.076797e+00	-2.210694e+01
1.780000e-06	-4.236633e-10	-7.129724e-11	-2.579391e+00	-1.928640e+01
1.790000e-06	-3.419313e-10	-5.977354e-11	-2.081754e+00	-1.646800e+01
1.800000e-06	-2.602022e-10	-4.867807e-11	-1.584134e+00	-1.365095e+01
1.810000e-06	-1.785172e-10	-3.753241e-11	-1.086782e+00	-1.083444e+01
1.820000e-06	-9.686311e-11	-2.632871e-11	-5.896179e-01	-8.017672e+00
1.830000e-06	-1.523660e-11	-1.514498e-11	-9.262216e-02	-5.199902e+00
1.840000e-06	6.637651e-11	-4.266824e-12	4.042919e-01	-2.380459e+00
1.850000e-06	1.479817e-10	6.559597e-12	9.011581e-01	4.412343e-01
1.860000e-06	2.295974e-10	1.778037e-11	1.398088e+00	3.265646e+00
1.870000e-06	3.112446e-10	2.896317e-11	1.895209e+00	6.093113e+00
1.880000e-06	3.929008e-10	3.974638e-11	2.392386e+00	8.923834e+00
1.890000e-06	4.745484e-10	5.063282e-11	2.889510e+00	1.175786e+01
1.900000e-06	5.561746e-10	6.219566e-11	3.386504e+00	1.459509e+01
1.910000e-06	6.377436e-10	7.405894e-11	3.883149e+00	1.743528e+01
1.920000e-06	7.192337e-10	8.572450e-11	4.379315e+00	2.027803e+01
1.930000e-06	8.006588e-10	9.688076e-11	4.875083e+00	2.312281e+01
1.940000e-06	8.820018e-10	1.073116e-10	5.370352e+00	2.596896e+01
1.950000e-06	9.632222e-10	1.176383e-10	5.864875e+00	2.881574e+01
1.960000e-06	1.044321e-09	1.283666e-10	6.358659e+00	3.166227e+01
1.970000e-06	1.125321e-09	1.392404e-10	6.851836e+00	3.450766e+01
1.980000e-06	1.206219e-09	1.501039e-10	7.344397e+00	3.735095e+01
1.990000e-06	1.287018e-09	1.613639e-10	7.836351e+00	4.019115e+01
2.000000e-06	1.367739e-09	1.731797e-10	8.327833e+00	4.302729e+01
2.010000e-06	1.448380e-09	1.848232e-10	8.818833e+00	4.585843e+01
2.020000e-06	1.528946e-09	1.958664e-10	9.309370e+00	4.868366e+01
2.030000e-06	1.609419e-09	2.066596e-10	9.799337e+00	5.150218e+01
2.040000e-06	1.689782e-09	2.180095e-10	1.028864e+01	5.431325e+01
2.050000e-06	1.770018e-09	2.297146e-10	1.077716e+01	5.711624e+01
2.060000e-06	1.850088e-09	2.407708e-10	1.126468e+01	5.991065e+01
2.070000e-06	1.929971e-09	2.510786e-10	1.175106e+01	6.269611e+01
2.080000e-06	2.009671e-09	2.614791e-10	1.223632e+01	6.547236e+01
2.090000e-06	2.089183e-09	2.725123e-10	1.272044e+01	6.823931e+01
2.100000e-06	2.168489e-09	2.840216e-10	1.320331e+01	7.099697e+01
2.110000e-06	2.247616e-09	2.953748e-10	1.368508e+01	7.374550e+01
2.120000e-06	2.326569e-09	3.062486e-10	1.416580e+01	7.648516e+01
2.130000e-06	2.405343e-09	3.169214e-10	1.464542e+01	7.921632e+01
2.140000e-06	2.483964e-09	3.276845e-10	1.512412e+01	8.193943e+01
2.150000e-06	2.562418e-09	3.384866e-10	1.560180e+01	8.465499e+01
2.160000e-06	2.640672e-09	3.489601e-10	1.607825e+01	8.736358e+01
2.170000e-06	2.718723e-09	3.593445e-10	1.655348e+01	9.006577e+01
2.180000e-06	2.796558e-09	3.700953e-10	1.702739e+01	9.276215e+01
2.190000e-06	2.874160e-09	3.813083e-10	1.749988e+01	9.545326e+01
2.200000e-06	2.951524e-09	3.922879e-10	1.797092e+01	9.813963e+01
2.210000e-06	3.028643e-09	4.027794e-10	1.844047e+01	1.008217e+02
2.220000e-06	3.105512e-09	4.133168e-10	1.890850e+01	1.034998e+02
2.230000e-06	3.182136e-09	4.238641e-10	1.937503e+01	1.061742e+02
2.240000e-06	3.258497e-09	4.342543e-10	1.983997e+01	1.088451e+02
2.250000e-06	3.334573e-09	4.445114e-10	2.030317e+01	1.115124e+02
2.260000e-06	3.410366e-09	4.546724e-10	2.076464e+01	1.141761e+02
2.270000e-06	3.485878e-09	4.649795e-10	2.122441e+01	1.168358e+02
2.280000e-06	3.561110e-09	4.756813e-10	2.168247e+01	1.194912e+02
2.290000e-06	3.636050e-09	4.866228e-10	2.213875e+01	1.221419e+02
2.300000e-06	3.710690e-09	4.972410e-10	2.259320e+01	1.247870e+02
2.310000e-06	3.785032e-09	5.076315e-10	2.304585e+01	1.274260e+02
2.320000e-06	3.859057e-09	5.182527e-10	2.349655e+01	1.300580e+02
2.330000e-06	3.932737e-09	5.290429e-10	2.394516e+01	1.326821e+02
2.340000e-06	4.006065e-09	5.395703e-10	2.439163e+01	1.352973e+02
2.350000e-06	4.079044e-09	5.492059e-10	2.483597e+01	1.379026e+02
2.360000e-06	4.151658e-09	5.583680e-10	2.527809e+01	1.404972e+02
2.370000e-06	4.223915e-09	5.678896e-10	2.571804e+01	1.430799e+02
2.380000e-06	4.295841e-09	5.781607e-10	2.615597e+01	1.456500e+02
2.390000e-06	4.367458e-09	5.890971e-10	2.659202e+01	1.482065e+02
2.400000e-06	4.438786e-09	6.000878e-10	2.702631e+01	1.507486e+02
2.410000e-06	4.509859e-09	6.104997e-10	2.745905e+01	1.532758e+02
2.420000e-06	4.580669e-09	6.203323e-10	2.789019e+01	1.557874e+02
2.430000e-06	4.651175e-09	6.299777e-10	2.831947e+01	1.582831e+02
2.440000e-06	4.721370e-09	6.393459e-10	2.874687e+01	1.607626e+02
2.450000e-06	4.791243e-09	6.484710e-10	2.917230e+01	1.632257e+02
2.460000e-06	4.860766e-09	6.581309e-10	2.959559e+01	1.656724e+02
2.470000e-06	4.929950e-09	6.688249e-10	3.001684e+01	1.681030e+02
2.480000e-06	4.998822e-09	6.800369e-10	3.043617e+01	1.705178e+02
2.490000e-06	5.067351e-09	6.905153e-10	3.085342e+01	1.729170e+02
2.500000e-06	5.135522e-09	6.995158e-10	3.126849e+01	1.753013e+02
2.510000e-06	5.203338e-09	7.078795e-10	3.168139e+01	1.776713e+02
2.520000e-06	5.270774e-09	7.165991e-10	3.209199e+01	1.800277e+02
2.530000e-06	5.337794e-09	7.259656e-10	3.250005e+01	1.823712e+02
2.540000e-06	5.404399e-09	7.354907e-10	3.290558e+01	1.847025e+02
2.550000e-06	5.470589e-09	7.449690e-10	3.330858e+01	1.870225e+02
2.560000e-06	5.536358e-09	7.548937e-10	3.370903e+01	1.893318e+02
2.570000e-06	5.601706e-09	7.651312e-10	3.410691e+01	1.916311e+02
2.580000e-06	5.666627e-09	7.750184e-10	3.450219e+01	1.939210e+02
2.590000e-06	5.731095e-09	7.838060e-10	3.489471e+01	1.962021e+02
2.600000e-06	5.795118e-09	7.918613e-10	3.528452e+01	1.984746e+02
2.610000e-06	5.858748e-09	8.004321e-10	3.567195e+01	2.007390e+02
2.620000e-06	5.922002e-09	8.100102e-10	3.605707e+01	2.029952e+02
2.630000e-06	5.984876e-09	8.196741e-10	3.643989e+01	2.052432e+02
2.640000e-06	6.047357e-09	8.284416e-10	3.682032e+01	2.074830e+02
2.650000e-06	6.109422e-09	8.367099e-10	3.719821e+01	2.097140e+02
2.660000e-06	6.171092e-09	8.454149e-10	3.757369e+01	2.119359e+02
2.670000e-06	6.232384e-09	8.545843e-10	3.794688e+01	2.141480e+02
2.680000e-06	6.293311e-09	8.632260e-10	3.831784e+01	2.163495e+02
2.690000e-06	6.353895e-09	8.713129e-10	3.868672e+01	2.185396e+02
2.700000e-06	6.414108e-09	8.798414e-10	3.905333e+01	2.207173e+02
2.710000e-06	6.473900e-09	8.892447e-10	3.941739e+01	2.228816e+02
2.720000e-06	6.533208e-09	8.987275e-10	3.977849e+01	2.250315e+02
2.730000e-06	6.591963e-09	9.071233e-10	4.013623e+01	2.271658e+02
2.740000e-06	6.650111e-09	9.145517e-10	4.049027e+01	2.292834e+02
2.750000e-06	6.707626e-09	9.222944e-10	4.084046e+01	2.313834e+02
2.760000e-06	6.764541e-09	9.309289e-10	4.118698e+01	2.334648e+02
2.770000e-06	6.820908e-09	9.397594e-10	4.153018e+01	2.355266e+02
2.780000e-06	6.876777e-09	9.479978e-10	4.187035e+01	2.375681e+02
2.790000e-06	6.932212e-09	9.558691e-10	4.220788e+01	2.395887e+02
2.800000e-06	6.987248e-09	9.638242e-10	4.254297e+01	2.415878e+02
2.810000e-06	7.041859e-09	9.720212e-10	4.287547e+01	2.435650e+02
2.820000e-06	7.096001e-09	9.799725e-10	4.320513e+01	2.455202e+02
2.830000e-06	7.149664e-09	9.872074e-10	4.353186e+01	2.474533e+02
2.840000e-06	7.202852e-09	9.944873e-10	4.385571e+01	2.493645e+02
2.850000e-06	7.255522e-09	1.002501e-09	4.417639e+01	2.512539e+02
2.860000e-06	7.307605e-09	1.011058e-09	4.449350e+01	2.531221e+02
2.870000e-06	7.359039e-09	1.019288e-09	4.480666e+01	2.549695e+02
2.880000e-06	7.409739e-09	1.026629e-09	4.511536e+01	2.567969e+02
2.890000e-06	7.459658e-09	1.033386e-09	4.541929e+01	2.586049e+02
2.900000e-06	7.508846e-09	1.040477e-09	4.571878e+01	2.603943e+02
2.910000e-06	7.557403e-09	1.048113e-09	4.601442e+01	2.621659e+02
2.920000e-06	7.605416e-09	1.055634e-09	4.630676e+01	2.639206e+02
2.930000e-06	7.652930e-09	1.062624e-09	4.659606e+01	2.656592e+02
2.940000e-06	7.699956e-09	1.069421e-09	4.688237e+01	2.673824e+02
2.950000e-06	7.746461e-09	1.076561e-09	4.716553e+01	2.690908e+02
2.960000e-06	7.792430e-09	1.084057e-09	4.744542e+01	2.707850e+02
2.970000e-06	7.837881e-09	1.091179e-09	4.772215e+01	2.724654e+02
2.980000e-06	7.882841e-09	1.097275e-09	4.799590e+01	2.741323e+02
2.990000e-06	7.927341e-09	1.103463e-09	4.826684e+01	2.757857e+02
3.000000e-06	7.971409e-09	1.110612e-09	4.853516e+01	2.774257e+02
3.010000e-06	8.015006e-09	1.117861e-09	4.880060e+01	2.790520e+02
3.020000e-06	8.057985e-09	1.124390e-09	4.906228e+01	2.806640e+02
3.030000e-06	8.100178e-09	1.130493e-09	4.931918e+01	2.822613e+02
3.040000e-06	8.141557e-09	1.136806e-09	4.957112e+01	2.838430e+02
3.050000e-06	8.182229e-09	1.143401e-09	4.981876e+01	2.854082e+02
3.060000e-06	8.222328e-09	1.149982e-09	5.006290e+01	2.869558e+02
3.070000e-06	8.261924e-09	1.155868e-09	5.030399e+01	2.884847e+02
3.080000e-06	8.301032e-09	1.160969e-09	5.054210e+01	2.899936e+02
3.090000e-06	8.339619e-09	1.166399e-09	5.077704e+01	2.914812e+02
3.100000e-06	8.377628e-09	1.172602e-09	5.100847e+01	2.929462e+02
3.110000e-06	8.415045e-09	1.178792e-09	5.123629e+01	2.943873e+02
3.120000e-06	8.451895e-09	1.184334e-09	5.146065e+01	2.958032e+02
3.130000e-06	8.488234e-09	1.189609e-09	5.168191e+01	2.971928e+02
3.140000e-06	8.524120e-09	1.195303e-09	5.190040e+01	2.985550e+02
3.150000e-06	8.559468e-09	1.201314e-09	5.211563e+01	2.998888e+02
3.160000e-06	8.594070e-09	1.206845e-09	5.232630e+01	3.011935e+02
3.170000e-06	8.627806e-09	1.211614e-09	5.253171e+01	3.024686e+02
3.180000e-06	8.660729e-09	1.216373e-09	5.273216e+01	3.037137e+02
3.190000e-06	8.692995e-09	1.221670e-09	5.292861e+01	3.049286e+02
3.200000e-06	8.724743e-09	1.227164e-09	5.312191e+01	3.061134e+02
3.210000e-06	8.755976e-09	1.232217e-09	5.331208e+01	3.072684e+02
3.220000e-06	8.786647e-09	1.236659e-09	5.349883e+01	3.083941e+02
3.230000e-06	8.816735e-09	1.240914e-09	5.368202e+01	3.094911e+02
3.240000e-06	8.846203e-09	1.245564e-09	5.386144e+01	3.105605e+02
3.250000e-06	8.875069e-09	1.250149e-09	5.403719e+01	3.116032e+02
3.260000e-06	8.903426e-09	1.254089e-09	5.420985e+01	3.126204e+02
3.270000e-06	8.931332e-09	1.257766e-09	5.437976e+01	3.136133e+02
3.280000e-06	8.958683e-09	1.261777e-09	5.454629e+01	3.145832e+02
3.290000e-06	8.985228e-09	1.266467e-09	5.470791e+01	3.155314e+02
3.300000e-06	9.010801e-09	1.271060e-09	5.486361e+01	3.164592e+02
3.310000e-06	9.035508e-09	1.274698e-09	5.501404e+01	3.173679e+02
3.320000e-06	9.059560e-09	1.277727e-09	5.516049e+01	3.182585e+02
3.330000e-06	9.083031e-09	1.280861e-09	5.530339e+01	3.191320e+02
3.340000e-06	9.105899e-09	1.284370e-09	5.544262e+01	3.199891e+02
3.350000e-06	9.128164e-09	1.287515e-09	5.557819e+01	3.208304e+02
3.360000e-06	9.149828e-09	1.290134e-09	5.571009e+01	3.216562e+02
3.370000e-06	9.170882e-09	1.293156e-09	5.583828e+01	3.224665e+02
3.380000e-06	9.191381e-09	1.296835e-09	5.596309e+01	3.232610e+02
3.390000e-06	9.211421e-09	1.300374e-09	5.608511e+01	3.240394e+02
3.400000e-06	9.230970e-09	1.303124e-09	5.620414e+01	3.248006e+02
3.410000e-06	9.249884e-09	1.305348e-09	5.631929e+01	3.255437e+02
3.420000e-06	9.268078e-09	1.307156e-09	5.643007e+01	3.262673e+02
3.430000e-06	9.285598e-09	1.309568e-09	5.653674e+01	3.269699e+02
3.440000e-06	9.302491e-09	1.312715e-09	5.663959e+01	3.276496e+02
3.450000e-06	9.318695e-09	1.315447e-09	5.673825e+01	3.283046e+02
3.460000e-06	9.334075e-09	1.317254e-09	5.683190e+01	3.289327e+02
3.470000e-06	9.348626e-09	1.318687e-09	5.692049e+01	3.295319e+02
3.480000e-06	9.362467e-09	1.320346e-09	5.700476e+01	3.301001e+02
3.490000e-06	9.375645e-09	1.321574e-09	5.708500e+01	3.306351e+02
3.500000e-06	9.388185e-09	1.322537e-09	5.716135e+01	3.311350e+02
3.510000e-06	9.400105e-09	1.323972e-09	5.723392e+01	3.315980e+02
3.520000e-06	9.411266e-09	1.326296e-09	5.730188e+01	3.320225e+02
3.530000e-06	9.421436e-09	1.328767e-09	5.736380e+01	3.324071e+02
3.540000e-06	9.430587e-09	1.330386e-09	5.741951e+01	3.327509e+02
3.550000e-06	9.438964e-09	1.330914e-09	5.747051e+01	3.330532e+02
3.560000e-06	9.446788e-09	1.330988e-09	5.751816e+01	3.333137e+02
3.570000e-06	9.454021e-09	1.331487e-09	5.756219e+01	3.335326e+02
3.580000e-06	9.460603e-09	1.332369e-09	5.760227e+01	3.337105e+02
3.590000e-06	9.466545e-09	1.333208e-09	5.763844e+01	3.338486e+02
3.600000e-06	9.471793e-09	1.334061e-09	5.767040e+01	3.339483e+02
3.610000e-06	9.476406e-09	1.335029e-09	5.769848e+01	3.340115e+02
3.620000e-06	9.480536e-09	1.335715e-09	5.772363e+01	3.340408e+02
3.630000e-06	9.484188e-09	1.336036e-09	5.774586e+01	3.340389e+02
3.640000e-06	9.487141e-09	1.335866e-09	5.776384e+01	3.340089e+02
3.650000e-06	9.489151e-09	1.334983e-09	5.777607e+01	3.339542e+02
3.660000e-06	9.490207e-09	1.334250e-09	5.778250e+01	3.338786e+02
3.670000e-06	9.490555e-09	1.334549e-09	5.778462e+01	3.337858e+02
3.680000e-06	9.490373e-09	1.334939e-09	5.778351e+01	3.336798e+02
3.690000e-06	9.489614e-09	1.334527e-09	5.777889e+01	3.335645e+02
3.700000e-06	9.488227e-09	1.333609e-09	5.777044e+01	3.334439e+02
3.710000e-06	9.486245e-09	1.332863e-09	5.775838e+01	3.333218e+02
3.720000e-06	9.483684e-09	1.332549e-09	5.774278e+01	3.332016e+02
3.730000e-06	9.480532e-09	1.332013e-09	5.772359e+01	3.330868e+02
3.740000e-06	9.476887e-09	1.331351e-09	5.770139e+01	3.329802e+02
3.750000e-06	9.472881e-09	1.332537e-09	5.767701e+01	3.328843e+02
3.760000e-06	9.468423e-09	1.332963e-09	5.764986e+01	3.328010e+02
3.770000e-06	9.463037e-09	1.325053e-09	5.761706e+01	3.327320e+02
3.780000e-06	9.456185e-09	1.318375e-09	5.757534e+01	3.326779e+02
3.790000e-06	9.447790e-09	1.327870e-09	5.752423e+01	3.326392e+02
3.800000e-06	9.438448e-09	1.337058e-09	5.746734e+01	3.326154e+02
3.810000e-06	9.429025e-09	1.320637e-09	5.740997e+01	3.326056e+02
3.820000e-06	9.419653e-09	1.298442e-09	5.735291e+01	3.326081e+02
3.830000e-06	9.409588e-09	1.311533e-09	5.729162e+01	3.326207e+02
3.840000e-06	9.398621e-09	1.335698e-09	5.722485e+01	3.326406e+02
3.850000e-06	9.387235e-09	1.325818e-09	5.715552e+01	3.326644e+02
3.860000e-06	9.375198e-09	1.313926e-09	5.708223e+01	3.326884e+02
3.870000e-06	9.362019e-09	1.321143e-09	5.700199e+01	3.327082e+02
3.880000e-06	9.348055e-09	1.309573e-09	5.691697e+01	3.327193e+02
3.890000e-06	9.333520e-09	1.285874e-09	5.682847e+01	3.327168e+02
3.900000e-06	9.318161e-09	1.294938e-09	5.673495e+01	3.326957e+02
3.910000e-06	9.302169e-09	1.311742e-09	5.663758e+01	3.326508e+02
3.920000e-06	9.285700e-09	1.306612e-09	5.653731e+01	3.325770e+02
3.930000e-06	9.268463e-09	1.317117e-09	5.643235e+01	3.324693e+02
3.940000e-06	9.250423e-09	1.342739e-09	5.632251e+01	3.323227e+02
3.950000e-06	9.231762e-09	1.339749e-09	5.620889e+01	3.321327e+02
3.960000e-06	9.212469e-09	1.332569e-09	5.609142e+01	3.318950e+02
3.970000e-06	9.192624e-09	1.344448e-09	5.597059e+01	3.316057e+02
3.980000e-06	9.172295e-09	1.333995e-09	5.584681e+01	3.312614e+02
3.990000e-06	9.151214e-09	1.312325e-09	5.571846e+01	3.308593e+02
4.000000e-06	9.129206e-09	1.309869e-09	5.558446e+01	3.303972e+02
4.010000e-06	9.106372e-09	1.301375e-09	5.544543e+01	3.298733e+02
4.020000e-06	9.082834e-09	1.282415e-09	5.530211e+01	3.292867e+02
4.030000e-06	9.058749e-09	1.277782e-09	5.515547e+01	3.286369e+02
4.040000e-06	9.034154e-09	1.281926e-09	5.500572e+01	3.279243e+02
4.050000e-06	9.008945e-09	1.282938e-09	5.485222e+01	3.271496e+02
4.060000e-06	8.983090e-09	1.270280e-09	5.469481e+01	3.263143e+02
4.070000e-06	8.956578e-09	1.260784e-09	5.453338e+01	3.254204e+02
4.080000e-06	8.929390e-09	1.270750e-09	5.436784e+01	3.244705e+02
4.090000e-06	8.901596e-09	1.262733e-09	5.419861e+01	3.234674e+02
4.100000e-06	8.873225e-09	1.246801e-09	5.402587e+01	3.224145e+02
4.110000e-06	8.844176e-09	1.256725e-09	5.384900e+01	3.213154e+02
4.120000e-06	8.814322e-09	1.256082e-09	5.366723e+01	3.201738e+02
4.130000e-06	8.783643e-09	1.236853e-09	5.348043e+01	3.189939e+02
4.140000e-06	8.752262e-09	1.236133e-09	5.328936e+01	3.177796e+02
4.150000e-06	8.720317e-09	1.239738e-09	5.309486e+01	3.165350e+02
4.160000e-06	8.687850e-09	1.226453e-09	5.289718e+01	3.152640e+02
4.170000e-06	8.654801e-09	1.219232e-09	5.269596e+01	3.139704e+02
4.180000e-06	8.621135e-09	1.222951e-09	5.249097e+01	3.126577e+02
4.190000e-06	8.586880e-09	1.216159e-09	5.228241e+01	3.113293e+02
4.200000e-06	8.552067e-09	1.206490e-09	5.207044e+01	3.099880e+02
4.210000e-06	8.516703e-09	1.206727e-09	5.185512e+01	3.086363e+02
4.220000e-06	8.480793e-09	1.203008e-09	5.163647e+01	3.072764e+02
4.230000e-06	8.444275e-09	1.192981e-09	5.141413e+01	3.059100e+02
4.240000e-06	8.407003e-09	1.187506e-09	5.118720e+01	3.045383e+02
4.250000e-06	8.368907e-09	1.184266e-09	5.095524e+01	3.031619e+02
4.260000e-06	8.330033e-09	1.178339e-09	5.071855e+01	3.017814e+02
4.270000e-06	8.290530e-09	1.171178e-09	5.047803e+01	3.003964e+02
4.280000e-06	8.250535e-09	1.166046e-09	5.023451e+01	2.990066e+02
4.290000e-06	8.210081e-09	1.161347e-09	4.998820e+01	2.976110e+02
4.300000e-06	8.169124e-09	1.154418e-09	4.973883e+01	2.962084e+02
4.310000e-06	8.127619e-09	1.148350e-09	4.948612e+01	2.947973e+02
4.320000e-06	8.085555e-09	1.143380e-09	4.923000e+01	2.933760e+02
4.330000e-06	8.042920e-09	1.136352e-09	4.897041e+01	2.919425e+02
4.340000e-06	7.999731e-09	1.129060e-09	4.870745e+01	2.904949e+02
4.350000e-06	7.956044e-09	1.123756e-09	4.844145e+01	2.890311e+02
4.360000e-06	7.911868e-09	1.117985e-09	4.817248e+01	2.875489e+02
4.370000e-06	7.867169e-09	1.110147e-09	4.790032e+01	2.860465e+02
4.380000e-06	7.821896e-09	1.103261e-09	4.762467e+01	2.845218e+02
4.390000e-06	7.776065e-09	1.098106e-09	4.734562e+01	2.829730e+02
4.400000e-06	7.729739e-09	1.091921e-09	4.706355e+01	2.813986e+02
4.410000e-06	7.682923e-09	1.085119e-09	4.677851e+01	2.797972e+02
4.420000e-06	7.635624e-09	1.078356e-09	4.649052e+01	2.781677e+02
4.430000e-06	7.587783e-09	1.070873e-09	4.619923e+01	2.765092e+02
4.440000e-06	7.539317e-09	1.063040e-09	4.590414e+01	2.748212e+02
4.450000e-06	7.490193e-09	1.055798e-09	4.560504e+01	2.731033e+02
4.460000e-06	7.440406e-09	1.049091e-09	4.530190e+01	2.713554e+02
4.470000e-06	7.390009e-09	1.042057e-09	4.499505e+01	2.695779e+02
4.480000e-06	7.339046e-09	1.034911e-09	4.468476e+01	2.677712e+02
4.490000e-06	7.287486e-09	1.028342e-09	4.437083e+01	2.659361e+02
4.500000e-06	7.235266e-09	1.021974e-09	4.405287e+01	2.640733e+02
4.510000e-06	7.182314e-09	1.014630e-09	4.373047e+01	2.621839e+02
4.520000e-06	7.128634e-09	1.006397e-09	4.340363e+01	2.602691e+02
4.530000e-06	7.074286e-09	9.983067e-10	4.307273e+01	2.583302e+02
4.540000e-06	7.019349e-09	9.904817e-10	4.273823e+01	2.563685e+02
4.550000e-06	6.963925e-09	9.822887e-10	4.240077e+01	2.543852e+02
4.560000e-06	6.908082e-09	9.736205e-10	4.206077e+01	2.523815e+02
4.570000e-06	6.851810e-09	9.652441e-10	4.171814e+01	2.503588e+02
4.580000e-06	6.795079e-09	9.577889e-10	4.137273e+01	2.483181e+02
4.590000e-06	6.737890e-09	9.508382e-10	4.102452e+01	2.462603e+02
4.600000e-06	6.680219e-09	9.433864e-10	4.067338e+01	2.441863e+02
4.610000e-06	6.622040e-09	9.349594e-10	4.031915e+01	2.420968e+02
4.620000e-06	6.563374e-09	9.263269e-10	3.996195e+01	2.399921e+02
4.630000e-06	6.504264e-09	9.183008e-10	3.960205e+01	2.378726e+02
4.640000e-06	6.444722e-09	9.100667e-10	3.923952e+01	2.357383e+02
4.650000e-06	6.384732e-09	9.007508e-10	3.887426e+01	2.335893e+02
4.660000e-06	6.324272e-09	8.914115e-10	3.850614e+01	2.314252e+02
4.670000e-06	6.263352e-09	8.830689e-10	3.813522e+01	2.292456e+02
4.680000e-06	6.201988e-09	8.750600e-10	3.776160e+01	2.270500e+02
4.690000e-06	6.140157e-09	8.666873e-10	3.738513e+01	2.248378e+02
4.700000e-06	6.077844e-09	8.577947e-10	3.700573e+01	2.226083e+02
4.710000e-06	6.015045e-09	8.484746e-10	3.662337e+01	2.203607e+02
4.720000e-06	5.951745e-09	8.391094e-10	3.623795e+01	2.180944e+02
4.730000e-06	5.887951e-09	8.297245e-10	3.584954e+01	2.158084e+02
4.740000e-06	5.823713e-09	8.195522e-10	3.545841e+01	2.135022e+02
4.750000e-06	5.759072e-09	8.087119e-10	3.506483e+01	2.111752e+02
4.760000e-06	5.694045e-09	7.988976e-10	3.466891e+01	2.088268e+02
4.770000e-06	5.628631e-09	7.908040e-10	3.427062e+01	2.064568e+02
4.780000e-06	5.562819e-09	7.829442e-10	3.386992e+01	2.040649e+02
4.790000e-06	5.496635e-09	7.739707e-10	3.346694e+01	2.016512e+02
4.800000e-06	5.430122e-09	7.641515e-10	3.306197e+01	1.992157e+02
4.810000e-06	5.363311e-09	7.542590e-10	3.265518e+01	1.967588e+02
4.820000e-06	5.296212e-09	7.442323e-10	3.224664e+01	1.942811e+02
4.830000e-06	5.228824e-09	7.335861e-10	3.183633e+01	1.917833e+02
4.840000e-06	5.161123e-09	7.225204e-10	3.142412e+01	1.892663e+02
4.850000e-06	5.093056e-09	7.117553e-10	3.100969e+01	1.867312e+02
4.860000e-06	5.024612e-09	7.021471e-10	3.059296e+01	1.841792e+02
4.870000e-06	4.955770e-09	6.936677e-10	3.017380e+01	1.816116e+02
4.880000e-06	4.886490e-09	6.849536e-10	2.975198e+01	1.790298e+02
4.890000e-06	4.816768e-09	6.750165e-10	2.932747e+01	1.764354e+02
4.900000e-06	4.746623e-09	6.644543e-10	2.890038e+01	1.738297e+02
4.910000e-06	4.676077e-09	6.540979e-10	2.847085e+01	1.712143e+02
4.920000e-06	4.605137e-09	6.437072e-10	2.803893e+01	1.685906e+02
4.930000e-06	4.533834e-09	6.328633e-10	2.760479e+01	1.659601e+02
4.940000e-06	4.462203e-09	6.222069e-10	2.716865e+01	1.633240e+02
4.950000e-06	4.390277e-09	6.123746e-10	2.673072e+01	1.606834e+02
4.960000e-06	4.318075e-09	6.031967e-10	2.629110e+01	1.580395e+02
4.970000e-06	4.245632e-09	5.938254e-10	2.585002e+01	1.553931e+02
4.980000e-06	4.172967e-09	5.835005e-10	2.540759e+01	1.527447e+02
4.990000e-06	4.100062e-09	5.724583e-10	2.496369e+01	1.500949e+02
5.000000e-06	4.026896e-09	5.613147e-10	2.451821e+01	1.474439e+02
5.010000e-06	3.953439e-09	5.505987e-10	2.407096e+01	1.447917e+02
5.020000e-06	3.879669e-09	5.402244e-10	2.362180e+01	1.421383e+02
5.030000e-06	3.805596e-09	5.301055e-10	2.317079e+01	1.394832e+02
5.040000e-06	3.731224e-09	5.203013e-10	2.271797e+01	1.368260e+02
5.050000e-06	3.656584e-09	5.106841e-10	2.226351e+01	1.341660e+02
5.060000e-06	3.581714e-09	5.009809e-10	2.180765e+01	1.315024e+02
5.070000e-06	3.506617e-09	4.907037e-10	2.135041e+01	1.288343e+02
5.080000e-06	3.431280e-09	4.795941e-10	2.089171e+01	1.261606e+02
5.090000e-06	3.355702e-09	4.683223e-10	2.043154e+01	1.234805e+02
5.100000e-06	3.279877e-09	4.574614e-10	1.996987e+01	1.207927e+02
5.110000e-06	3.203773e-09	4.467608e-10	1.950650e+01	1.180964e+02
5.120000e-06	3.127388e-09	4.359136e-10	1.904142e+01	1.153906e+02
5.130000e-06	3.050712e-09	4.249792e-10	1.857458e+01	1.126743e+02
5.140000e-06	2.973741e-09	4.142491e-10	1.810592e+01	1.099467e+02
5.150000e-06	2.896481e-09	4.034955e-10	1.763552e+01	1.072074e+02
5.160000e-06	2.818934e-09	3.926284e-10	1.716336e+01	1.044556e+02
5.170000e-06	2.741120e-09	3.818576e-10	1.668958e+01	1.016912e+02
5.180000e-06	2.663062e-09	3.714637e-10	1.621432e+01	9.891405e+01
5.190000e-06	2.584790e-09	3.611581e-10	1.573775e+01	9.612411e+01
5.200000e-06	2.506349e-09	3.506157e-10	1.526015e+01	9.332169e+01
5.210000e-06	2.427746e-09	3.398590e-10	1.478157e+01	9.050721e+01
5.220000e-06	2.348967e-09	3.287943e-10	1.430191e+01	8.768131e+01
5.230000e-06	2.270014e-09	3.174597e-10	1.382119e+01	8.484478e+01
5.240000e-06	2.190881e-09	3.060447e-10	1.333938e+01	8.199856e+01
5.250000e-06	2.111568e-09	2.950087e-10	1.285647e+01	7.914375e+01
5.260000e-06	2.032055e-09	2.841410e-10	1.237234e+01	7.628153e+01
5.270000e-06	1.952353e-09	2.726339e-10	1.188707e+01	7.341317e+01
5.280000e-06	1.872486e-09	2.607129e-10	1.140078e+01	7.053999e+01
5.290000e-06	1.792460e-09	2.493388e-10	1.091353e+01	6.766336e+01
5.300000e-06	1.712282e-09	2.381765e-10	1.042535e+01	6.478460e+01
5.310000e-06	1.631952e-09	2.269326e-10	9.936248e+00	6.190503e+01
5.320000e-06	1.551500e-09	2.160154e-10	9.446404e+00	5.902588e+01
5.330000e-06	1.470965e-09	2.054108e-10	8.956054e+00	5.614830e+01
5.340000e-06	1.390370e-09	1.947116e-10	8.465340e+00	5.327334e+01
5.350000e-06	1.309738e-09	1.834038e-10	7.974401e+00	5.040188e+01
5.360000e-06	1.229076e-09	1.712121e-10	7.483274e+00	4.753467e+01
5.370000e-06	1.148354e-09	1.585099e-10	6.991785e+00	4.467229e+01
5.380000e-06	1.067562e-09	1.462423e-10	6.499875e+00	4.181516e+01
5.390000e-06	9.867084e-10	1.350086e-10	6.007582e+00	3.896349e+01
5.400000e-06	9.057768e-10	1.243186e-10	5.514817e+00	3.611736e+01
5.410000e-06	8.247710e-10	1.135216e-10	5.021601e+00	3.327664e+01
5.420000e-06	7.437066e-10	1.027515e-10	4.528028e+00	3.044107e+01
5.430000e-06	6.625831e-10	9.184990e-11	4.034094e+00	2.761024e+01
5.440000e-06	5.814017e-10	8.042221e-11	3.539809e+00	2.478359e+01
5.450000e-06	5.001840e-10	6.855756e-11	3.045302e+00	2.196049e+01
5.460000e-06	4.189574e-10	5.690980e-11	2.550742e+00	1.914021e+01
5.470000e-06	3.377179e-10	4.569786e-11	2.056104e+00	1.632196e+01
5.480000e-06	2.564701e-10	3.487264e-11	1.561414e+00	1.350495e+01
5.490000e-06	1.752298e-10	2.424211e-11	1.066770e+00	1.068836e+01
5.500000e-06	9.400971e-11	1.322771e-11	5.722489e-01	7.871398e+00
5.510000e-06	1.281689e-11	1.669727e-12	7.789374e-02	5.053336e+00
5.520000e-06	-6.836039e-11	-9.663838e-12	-4.163667e-01	2.233512e+00
5.530000e-06	-1.495324e-10	-2.036342e-11	-9.105950e-01	-5.886365e-01
5.540000e-06	-2.307174e-10	-3.134692e-11	-1.404902e+00	-3.413558e+00
5.550000e-06	-3.119334e-10	-4.275642e-11	-1.899399e+00	-6.241570e+00
5.560000e-06	-3.931487e-10	-5.378399e-11	-2.393890e+00	-9.072851e+00
5.570000e-06	-4.743473e-10	-6.458702e-11	-2.888281e+00	-1.190743e+01
5.580000e-06	-5.555356e-10	-7.536139e-11	-3.382608e+00	-1.474518e+01
5.590000e-06	-6.366912e-10	-8.598856e-11	-3.876737e+00	-1.758585e+01
5.600000e-06	-7.177879e-10	-9.710817e-11	-4.370507e+00	-2.042900e+01
5.610000e-06	-7.988186e-10	-1.083576e-10	-4.863875e+00	-2.327409e+01
5.620000e-06	-8.797782e-10	-1.191471e-10	-5.356809e+00	-2.612045e+01
5.630000e-06	-9.606479e-10	-1.302985e-10	-5.849198e+00	-2.896731e+01
5.640000e-06	-1.041433e-09	-1.419926e-10	-6.341071e+00	-3.181380e+01
5.650000e-06	-1.122149e-09	-1.535984e-10	-6.832521e+00	-3.465901e+01
5.660000e-06	-1.202805e-09	-1.650405e-10	-7.323607e+00	-3.750197e+01
5.670000e-06	-1.283397e-09	-1.762507e-10	-7.814308e+00	-4.034171e+01
5.680000e-06	-1.363921e-09	-1.872548e-10	-8.304587e+00	-4.317724e+01
5.690000e-06	-1.444375e-09	-1.982302e-10	-8.794444e+00	-4.600764e+01
5.700000e-06	-1.524751e-09	-2.091335e-10	-9.283830e+00	-4.883202e+01
5.710000e-06	-1.605033e-09	-2.195743e-10	-9.772635e+00	-5.164957e+01
5.720000e-06	-1.685201e-09	-2.295681e-10	-1.026075e+01	-5.445957e+01
5.730000e-06	-1.765231e-09	-2.398725e-10	-1.074803e+01	-5.726141e+01
5.740000e-06	-1.845106e-09	-2.507138e-10	-1.123436e+01	-6.005462e+01
5.750000e-06	-1.924813e-09	-2.618652e-10	-1.171967e+01	-6.283882e+01
5.760000e-06	-2.004319e-09	-2.729460e-10	-1.220375e+01	-6.561381e+01
5.770000e-06	-2.083614e-09	-2.837759e-10	-1.268655e+01	-6.837948e+01
5.780000e-06	-2.162720e-09	-2.947722e-10	-1.316820e+01	-7.113589e+01
5.790000e-06	-2.241641e-09	-3.061204e-10	-1.364871e+01	-7.388320e+01
5.800000e-06	-2.320365e-09	-3.172037e-10	-1.412804e+01	-7.662169e+01
5.810000e-06	-2.398921e-09	-3.275536e-10	-1.460634e+01	-7.935174e+01
5.820000e-06	-2.477328e-09	-3.378170e-10	-1.508373e+01	-8.207380e+01
5.830000e-06	-2.555571e-09	-3.487736e-10	-1.556012e+01	-8.478841e+01
5.840000e-06	-2.633613e-09	-3.601476e-10	-1.603529e+01	-8.749612e+01
5.850000e-06	-2.711438e-09	-3.713499e-10	-1.650914e+01	-9.019752e+01
5.860000e-06	-2.789040e-09	-3.822398e-10	-1.698162e+01	-9.289319e+01
5.870000e-06	-2.866381e-09	-3.928028e-10	-1.745252e+01	-9.558368e+01
5.880000e-06	-2.943428e-09	-4.031486e-10	-1.792163e+01	-9.826949e+01
5.890000e-06	-3.020168e-09	-4.136000e-10	-1.838887e+01	-1.009510e+02
5.900000e-06	-3.096603e-09	-4.240421e-10	-1.885426e+01	-1.036287e+02
5.910000e-06	-3.172737e-09	-4.345571e-10	-1.931781e+01	-1.063027e+02
5.920000e-06	-3.248582e-09	-4.453811e-10	-1.977960e+01	-1.089731e+02
5.930000e-06	-3.324168e-09	-4.563438e-10	-2.023981e+01	-1.116400e+02
5.940000e-06	-3.399502e-09	-4.671265e-10	-2.069850e+01	-1.143032e+02
5.950000e-06	-3.474601e-09	-4.773497e-10	-2.115575e+01	-1.169624e+02
5.960000e-06	-3.549478e-09	-4.870646e-10	-2.161165e+01	-1.196173e+02
5.970000e-06	-3.624127e-09	-4.968357e-10	-2.206616e+01	-1.222672e+02
5.980000e-06	-3.698527e-09	-5.071091e-10	-2.251915e+01	-1.249116e+02
5.990000e-06	-3.772652e-09	-5.173402e-10	-2.297047e+01	-1.275497e+02
6.000000e-06	-3.846503e-09	-5.273471e-10	-2.342012e+01	-1.301807e+02
6.010000e-06	-3.920071e-09	-5.370060e-10	-2.386805e+01	-1.328036e+02
6.020000e-06	-3.993350e-09	-5.463317e-10	-2.431422e+01	-1.354175e+02
6.030000e-06	-4.066361e-09	-5.565116e-10	-2.475876e+01	-1.380215e+02
6.040000e-06	-4.139116e-09	-5.671809e-10	-2.520174e+01	-1.406144e+02
6.050000e-06	-4.211622e-09	-5.778191e-10	-2.564320e+01	-1.431955e+02
6.060000e-06	-4.283857e-09	-5.880963e-10	-2.608302e+01	-1.457637e+02
6.070000e-06	-4.355820e-09	-5.984593e-10	-2.652118e+01	-1.483182e+02
6.080000e-06	-4.427512e-09	-6.090491e-10	-2.695769e+01	-1.508583e+02
6.090000e-06	-4.498897e-09	-6.186848e-10	-2.739232e+01	-1.533833e+02
6.100000e-06	-4.569951e-09	-6.275094e-10	-2.782494e+01	-1.558927e+02
6.110000e-06	-4.640672e-09	-6.360305e-10	-2.825554e+01	-1.583861e+02
6.120000e-06	-4.711036e-09	-6.451769e-10	-2.868396e+01	-1.608633e+02
6.130000e-06	-4.780997e-09	-6.554609e-10	-2.910993e+01	-1.633241e+02
6.140000e-06	-4.850546e-09	-6.658843e-10	-2.953338e+01	-1.657686e+02
6.150000e-06	-4.919686e-09	-6.758483e-10	-2.995435e+01	-1.681969e+02
6.160000e-06	-4.988418e-09	-6.857089e-10	-3.037283e+01	-1.706095e+02
6.170000e-06	-5.056752e-09	-6.952446e-10	-3.078889e+01	-1.730066e+02
6.180000e-06	-5.124692e-09	-7.041926e-10	-3.120255e+01	-1.753889e+02
6.190000e-06	-5.192265e-09	-7.130089e-10	-3.161398e+01	-1.777569e+02
6.200000e-06	-5.259499e-09	-7.220519e-10	-3.202335e+01	-1.801115e+02
6.210000e-06	-5.326419e-09	-7.309090e-10	-3.243080e+01	-1.824532e+02
6.220000e-06	-5.393036e-09	-7.400071e-10	-3.283641e+01	-1.847829e+02
6.230000e-06	-5.459328e-09	-7.497479e-10	-3.324004e+01	-1.871014e+02
6.240000e-06	-5.525255e-09	-7.593411e-10	-3.364144e+01	-1.894092e+02
6.250000e-06	-5.590793e-09	-7.679845e-10	-3.404048e+01	-1.917072e+02
6.260000e-06	-5.655969e-09	-7.759693e-10	-3.443731e+01	-1.939959e+02
6.270000e-06	-5.720787e-09	-7.841327e-10	-3.483196e+01	-1.962758e+02
6.280000e-06	-5.785235e-09	-7.926377e-10	-3.522437e+01	-1.985472e+02
6.290000e-06	-5.849300e-09	-8.013387e-10	-3.561444e+01	-2.008105e+02
6.300000e-06	-5.912955e-09	-8.101932e-10	-3.600201e+01	-2.030656e+02
6.310000e-06	-5.976157e-09	-8.191286e-10	-3.638682e+01	-2.053125e+02
6.320000e-06	-6.038862e-09	-8.282696e-10	-3.676861e+01	-2.075511e+02
6.330000e-06	-6.101065e-09	-8.374968e-10	-3.714734e+01	-2.097809e+02
6.340000e-06	-6.162766e-09	-8.461447e-10	-3.752301e+01	-2.120015e+02
6.350000e-06	-6.223975e-09	-8.543320e-10	-3.789569e+01	-2.142121e+02
6.360000e-06	-6.284708e-09	-8.625716e-10	-3.826547e+01	-2.164121e+02
6.370000e-06	-6.344978e-09	-8.707040e-10	-3.863244e+01	-2.186005e+02
6.380000e-06	-6.404812e-09	-8.786229e-10	-3.899674e+01	-2.207764e+02
6.390000e-06	-6.464239e-09	-8.865917e-10	-3.935857e+01	-2.229388e+02
6.400000e-06	-6.523265e-09	-8.945313e-10	-3.971796e+01	-2.250865e+02
6.410000e-06	-6.581855e-09	-9.023594e-10	-4.007470e+01	-2.272185e+02
6.420000e-06	-6.639965e-09	-9.104531e-10	-4.042851e+01	-2.293337e+02
6.430000e-06	-6.697570e-09	-9.190489e-10	-4.077924e+01	-2.314311e+02
6.440000e-06	-6.754684e-09	-9.275539e-10	-4.112699e+01	-2.335098e+02
6.450000e-06	-6.811336e-09	-9.355920e-10	-4.147192e+01	-2.355688e+02
6.460000e-06	-6.867546e-09	-9.434622e-10	-4.181416e+01	-2.376074e+02
6.470000e-06	-6.923313e-09	-9.511336e-10	-4.215371e+01	-2.396249e+02
6.480000e-06	-6.978593e-09	-9.584097e-10	-4.249028e+01	-2.416209e+02
6.490000e-06	-7.033309e-09	-9.656737e-10	-4.282343e+01	-2.435951e+02
6.500000e-06	-7.087413e-09	-9.731483e-10	-4.315285e+01	-2.455471e+02
6.510000e-06	-7.140889e-09	-9.806930e-10	-4.347845e+01	-2.474771e+02
6.520000e-06	-7.193713e-09	-9.882479e-10	-4.380007e+01	-2.493852e+02
6.530000e-06	-7.245905e-09	-9.956825e-10	-4.411785e+01	-2.512716e+02
6.540000e-06	-7.297527e-09	-1.002926e-09	-4.443215e+01	-2.531368e+02
6.550000e-06	-7.348592e-09	-1.010063e-09	-4.474307e+01	-2.549814e+02
6.560000e-06	-7.399077e-09	-1.017102e-09	-4.505045e+01	-2.568060e+02
6.570000e-06	-7.448917e-09	-1.024109e-09	-4.535391e+01	-2.586113e+02
6.580000e-06	-7.498045e-09	-1.031054e-09	-4.565303e+01	-2.603982e+02
6.590000e-06	-7.546430e-09	-1.037599e-09	-4.594763e+01	-2.621674e+02
6.600000e-06	-7.594117e-09	-1.043886e-09	-4.623797e+01	-2.639198e+02
6.610000e-06	-7.641188e-09	-1.050526e-09	-4.652457e+01	-2.656562e+02
6.620000e-06	-7.687712e-09	-1.057718e-09	-4.680784e+01	-2.673772e+02
6.630000e-06	-7.733791e-09	-1.065145e-09	-4.708840e+01	-2.690836e+02
6.640000e-06	-7.779448e-09	-1.072084e-09	-4.736638e+01	-2.707758e+02
6.650000e-06	-7.824633e-09	-1.078202e-09	-4.764150e+01	-2.724544e+02
6.660000e-06	-7.869334e-09	-1.083962e-09	-4.791367e+01	-2.741194e+02
6.670000e-06	-7.913579e-09	-1.089885e-09	-4.818306e+01	-2.757710e+02
6.680000e-06	-7.957382e-09	-1.095912e-09	-4.844976e+01	-2.774090e+02
6.690000e-06	-8.000724e-09	-1.101680e-09	-4.871365e+01	-2.790333e+02
6.700000e-06	-8.043561e-09	-1.107600e-09	-4.897447e+01	-2.806433e+02
6.710000e-06	-8.085842e-09	-1.114090e-09	-4.923191e+01	-2.822384e+02
6.720000e-06	-8.127556e-09	-1.120960e-09	-4.948589e+01	-2.838178e+02
6.730000e-06	-8.168714e-09	-1.127424e-09	-4.973648e+01	-2.853806e+02
6.740000e-06	-8.209351e-09	-1.132715e-09	-4.998390e+01	-2.869256e+02
6.750000e-06	-8.249504e-09	-1.137660e-09	-5.022838e+01	-2.884517e+02
6.760000e-06	-8.289176e-09	-1.143415e-09	-5.046993e+01	-2.899577e+02
6.770000e-06	-8.328318e-09	-1.149446e-09	-5.070825e+01	-2.914421e+02
6.780000e-06	-8.366775e-09	-1.154677e-09	-5.094240e+01	-2.929038e+02
6.790000e-06	-8.404435e-09	-1.159292e-09	-5.117169e+01	-2.943414e+02
6.800000e-06	-8.441339e-09	-1.164083e-09	-5.139639e+01	-2.957536e+02
6.810000e-06	-8.477617e-09	-1.169419e-09	-5.161727e+01	-2.971393e+02
6.820000e-06	-8.513345e-09	-1.175022e-09	-5.183480e+01	-2.984975e+02
6.830000e-06	-8.548519e-09	-1.179979e-09	-5.204897e+01	-2.998272e+02
6.840000e-06	-8.583104e-09	-1.184102e-09	-5.225954e+01	-3.011277e+02
6.850000e-06	-8.617062e-09	-1.188314e-09	-5.246630e+01	-3.023985e+02
6.860000e-06	-8.650403e-09	-1.193178e-09	-5.266930e+01	-3.036392e+02
6.870000e-06	-8.683153e-09	-1.198125e-09	-5.286870e+01	-3.048498e+02
6.880000e-06	-8.715369e-09	-1.202537e-09	-5.306485e+01	-3.060304e+02
6.890000e-06	-8.747091e-09	-1.206703e-09	-5.325800e+01	-3.071811e+02
6.900000e-06	-8.778226e-09	-1.211346e-09	-5.344756e+01	-3.083027e+02
6.910000e-06	-8.808597e-09	-1.216309e-09	-5.363248e+01	-3.093958e+02
6.920000e-06	-8.838087e-09	-1.220739e-09	-5.381203e+01	-3.104613e+02
6.930000e-06	-8.866776e-09	-1.224313e-09	-5.398671e+01	-3.115003e+02
6.940000e-06	-8.894863e-09	-1.227563e-09	-5.415772e+01	-3.125140e+02
6.950000e-06	-8.922439e-09	-1.231107e-09	-5.432562e+01	-3.135035e+02
6.960000e-06	-8.949447e-09	-1.235011e-09	-5.449006e+01	-3.144703e+02
6.970000e-06	-8.975801e-09	-1.238995e-09	-5.465052e+01	-3.154156e+02
6.980000e-06	-9.001475e-09	-1.242782e-09	-5.480684e+01	-3.163407e+02
6.990000e-06	-9.026479e-09	-1.246350e-09	-5.495907e+01	-3.172467e+02
7.000000e-06	-9.050892e-09	-1.249946e-09	-5.510771e+01	-3.181349e+02
7.010000e-06	-9.074838e-09	-1.253637e-09	-5.525351e+01	-3.190060e+02
7.020000e-06	-9.098301e-09	-1.257152e-09	-5.539637e+01	-3.198609e+02
7.030000e-06	-9.121079e-09	-1.260265e-09	-5.553506e+01	-3.207000e+02
7.040000e-06	-9.142961e-09	-1.263069e-09	-5.566829e+01	-3.215236e+02
7.050000e-06	-9.163945e-09	-1.266080e-09	-5.579605e+01	-3.223317e+02
7.060000e-06	-9.184233e-09	-1.269282e-09	-5.591957e+01	-3.231240e+02
7.070000e-06	-9.204000e-09	-1.272373e-09	-5.603993e+01	-3.239000e+02
7.080000e-06	-9.223228e-09	-1.275194e-09	-5.615700e+01	-3.246587e+02
7.090000e-06	-9.241836e-09	-1.277830e-09	-5.627029e+01	-3.253992e+02
7.100000e-06	-9.259806e-09	-1.280702e-09	-5.637971e+01	-3.261199e+02
7.110000e-06	-9.277125e-09	-1.283780e-09	-5.648516e+01	-3.268193e+02
7.120000e-06	-9.293794e-09	-1.286521e-09	-5.658665e+01	-3.274956e+02
7.130000e-06	-9.309927e-09	-1.288208e-09	-5.668487e+01	-3.281468e+02
7.140000e-06	-9.325573e-09	-1.289514e-09	-5.678013e+01	-3.287710e+02
7.150000e-06	-9.340497e-09	-1.291458e-09	-5.687100e+01	-3.293659e+02
7.160000e-06	-9.354420e-09	-1.294013e-09	-5.695577e+01	-3.299294e+02
7.170000e-06	-9.367345e-09	-1.296656e-09	-5.703446e+01	-3.304595e+02
7.180000e-06	-9.379501e-09	-1.299074e-09	-5.710848e+01	-3.309542e+02
7.190000e-06	-9.391014e-09	-1.301132e-09	-5.717857e+01	-3.314118e+02
7.200000e-06	-9.401865e-09	-1.302530e-09	-5.724464e+01	-3.318306e+02
7.210000e-06	-9.412058e-09	-1.303688e-09	-5.730670e+01	-3.322094e+02
7.220000e-06	-9.421601e-09	-1.304769e-09	-5.736480e+01	-3.325473e+02
7.230000e-06	-9.430466e-09	-1.306008e-09	-5.741878e+01	-3.328435e+02
7.240000e-06	-9.438724e-09	-1.307273e-09	-5.746906e+01	-3.330981e+02
7.250000e-06	-9.446493e-09	-1.308631e-09	-5.751636e+01	-3.333111e+02
7.260000e-06	-9.453683e-09	-1.310268e-09	-5.756013e+01	-3.334832e+02
7.270000e-06	-9.460023e-09	-1.311676e-09	-5.759873e+01	-3.336157e+02
7.280000e-06	-9.465370e-09	-1.312662e-09	-5.763128e+01	-3.337101e+02
7.290000e-06	-9.469900e-09	-1.313197e-09	-5.765887e+01	-3.337684e+02
7.300000e-06	-9.473877e-09	-1.313792e-09	-5.768308e+01	-3.337931e+02
7.310000e-06	-9.477349e-09	-1.314648e-09	-5.770422e+01	-3.337870e+02
7.320000e-06	-9.480214e-09	-1.315091e-09	-5.772166e+01	-3.337533e+02
7.330000e-06	-9.482457e-09	-1.314966e-09	-5.773532e+01	-3.336954e+02
7.340000e-06	-9.484068e-09	-1.314680e-09	-5.774512e+01	-3.336172e+02
7.350000e-06	-9.484962e-09	-1.314883e-09	-5.775057e+01	-3.335223e+02
