# Temperatura_=_20.0
# Concentracion g/m^3_=_10000.0
# C_Vs_to_Am_M_A/Vsm_=_254322799225.57578
# pendiente_HvsI_1/m_=_3716.3
# ordenada_HvsI_A/m_=_1297.0
# frecuencia_Hz_=_135925.11685319475
# Promedio de 44 ciclos

Tiempo_(s)	Campo_(V.s)	Magnetizacion_(V.s)	Campo_(kA/m)	Magnetizacion_(A/m)
0.000000e+00	-9.477288e-09	-1.216551e-09	-5.775123e+01	-3.119139e+02
1.000000e-08	-9.477333e-09	-1.215072e-09	-5.775150e+01	-3.118092e+02
2.000000e-08	-9.476851e-09	-1.213319e-09	-5.774857e+01	-3.116909e+02
3.000000e-08	-9.475602e-09	-1.212266e-09	-5.774096e+01	-3.115616e+02
4.000000e-08	-9.473435e-09	-1.213129e-09	-5.772776e+01	-3.114241e+02
5.000000e-08	-9.470407e-09	-1.214917e-09	-5.770931e+01	-3.112807e+02
6.000000e-08	-9.466789e-09	-1.214564e-09	-5.768726e+01	-3.111339e+02
7.000000e-08	-9.462778e-09	-1.216822e-09	-5.766282e+01	-3.109860e+02
8.000000e-08	-9.458283e-09	-1.224725e-09	-5.763543e+01	-3.108389e+02
9.000000e-08	-9.453049e-09	-1.215379e-09	-5.760353e+01	-3.106943e+02
1.000000e-07	-9.446782e-09	-1.172590e-09	-5.756535e+01	-3.105537e+02
1.100000e-07	-9.439246e-09	-1.156811e-09	-5.751943e+01	-3.104182e+02
1.200000e-07	-9.430520e-09	-1.221546e-09	-5.746626e+01	-3.102885e+02
1.300000e-07	-9.421229e-09	-1.284550e-09	-5.740964e+01	-3.101649e+02
1.400000e-07	-9.411981e-09	-1.226769e-09	-5.735330e+01	-3.100474e+02
1.500000e-07	-9.402325e-09	-1.128893e-09	-5.729446e+01	-3.099355e+02
1.600000e-07	-9.391539e-09	-1.189535e-09	-5.722873e+01	-3.098284e+02
1.700000e-07	-9.379902e-09	-1.276211e-09	-5.715782e+01	-3.097247e+02
1.800000e-07	-9.367752e-09	-1.173243e-09	-5.708378e+01	-3.096229e+02
1.900000e-07	-9.354816e-09	-1.116506e-09	-5.700495e+01	-3.095210e+02
2.000000e-07	-9.341152e-09	-1.243080e-09	-5.692169e+01	-3.094165e+02
2.100000e-07	-9.326973e-09	-1.255369e-09	-5.683529e+01	-3.093068e+02
2.200000e-07	-9.311825e-09	-1.162720e-09	-5.674299e+01	-3.091890e+02
2.300000e-07	-9.295571e-09	-1.229996e-09	-5.664394e+01	-3.090600e+02
2.400000e-07	-9.278723e-09	-1.273166e-09	-5.654128e+01	-3.089165e+02
2.500000e-07	-9.261307e-09	-1.157137e-09	-5.643515e+01	-3.087549e+02
2.600000e-07	-9.243143e-09	-1.163098e-09	-5.632447e+01	-3.085719e+02
2.700000e-07	-9.224399e-09	-1.231205e-09	-5.621025e+01	-3.083639e+02
2.800000e-07	-9.205080e-09	-1.132621e-09	-5.609253e+01	-3.081275e+02
2.900000e-07	-9.185137e-09	-1.102737e-09	-5.597100e+01	-3.078592e+02
3.000000e-07	-9.164730e-09	-1.200449e-09	-5.584665e+01	-3.075559e+02
3.100000e-07	-9.143781e-09	-1.149598e-09	-5.571900e+01	-3.072145e+02
3.200000e-07	-9.122132e-09	-1.095598e-09	-5.558708e+01	-3.068323e+02
3.300000e-07	-9.099861e-09	-1.203159e-09	-5.545137e+01	-3.064067e+02
3.400000e-07	-9.077001e-09	-1.211488e-09	-5.531207e+01	-3.059355e+02
3.500000e-07	-9.053573e-09	-1.141237e-09	-5.516930e+01	-3.054170e+02
3.600000e-07	-9.029665e-09	-1.197446e-09	-5.502361e+01	-3.048495e+02
3.700000e-07	-9.005177e-09	-1.226588e-09	-5.487439e+01	-3.042322e+02
3.800000e-07	-8.979850e-09	-1.182775e-09	-5.472007e+01	-3.035642e+02
3.900000e-07	-8.953582e-09	-1.186228e-09	-5.456000e+01	-3.028453e+02
4.000000e-07	-8.926462e-09	-1.186143e-09	-5.439474e+01	-3.020756e+02
4.100000e-07	-8.898661e-09	-1.172362e-09	-5.422533e+01	-3.012556e+02
4.200000e-07	-8.870274e-09	-1.174972e-09	-5.405236e+01	-3.003860e+02
4.300000e-07	-8.841290e-09	-1.171636e-09	-5.387573e+01	-2.994682e+02
4.400000e-07	-8.811715e-09	-1.179325e-09	-5.369552e+01	-2.985035e+02
4.500000e-07	-8.781569e-09	-1.176405e-09	-5.351182e+01	-2.974938e+02
4.600000e-07	-8.750833e-09	-1.148628e-09	-5.332452e+01	-2.964410e+02
4.700000e-07	-8.719553e-09	-1.156245e-09	-5.313392e+01	-2.953473e+02
4.800000e-07	-8.687839e-09	-1.170710e-09	-5.294066e+01	-2.942151e+02
4.900000e-07	-8.655684e-09	-1.139645e-09	-5.274472e+01	-2.930468e+02
5.000000e-07	-8.622894e-09	-1.127890e-09	-5.254491e+01	-2.918449e+02
5.100000e-07	-8.589268e-09	-1.152865e-09	-5.234001e+01	-2.906120e+02
5.200000e-07	-8.554764e-09	-1.146533e-09	-5.212976e+01	-2.893505e+02
5.300000e-07	-8.519494e-09	-1.126569e-09	-5.191484e+01	-2.880628e+02
5.400000e-07	-8.483625e-09	-1.129296e-09	-5.169627e+01	-2.867513e+02
5.500000e-07	-8.447220e-09	-1.124356e-09	-5.147443e+01	-2.854181e+02
5.600000e-07	-8.410204e-09	-1.112491e-09	-5.124887e+01	-2.840652e+02
5.700000e-07	-8.372537e-09	-1.112587e-09	-5.101934e+01	-2.826945e+02
5.800000e-07	-8.334266e-09	-1.108661e-09	-5.078613e+01	-2.813075e+02
5.900000e-07	-8.295462e-09	-1.101110e-09	-5.054967e+01	-2.799055e+02
6.000000e-07	-8.256199e-09	-1.099250e-09	-5.031042e+01	-2.784898e+02
6.100000e-07	-8.216501e-09	-1.095799e-09	-5.006851e+01	-2.770611e+02
6.200000e-07	-8.176318e-09	-1.088553e-09	-4.982365e+01	-2.756200e+02
6.300000e-07	-8.135501e-09	-1.079813e-09	-4.957493e+01	-2.741670e+02
6.400000e-07	-8.093925e-09	-1.072221e-09	-4.932158e+01	-2.727022e+02
6.500000e-07	-8.051566e-09	-1.069006e-09	-4.906347e+01	-2.712255e+02
6.600000e-07	-8.008457e-09	-1.065518e-09	-4.880078e+01	-2.697366e+02
6.700000e-07	-7.964701e-09	-1.058353e-09	-4.853414e+01	-2.682352e+02
6.800000e-07	-7.920422e-09	-1.053374e-09	-4.826432e+01	-2.667206e+02
6.900000e-07	-7.875635e-09	-1.049276e-09	-4.799141e+01	-2.651922e+02
7.000000e-07	-7.830270e-09	-1.040812e-09	-4.771497e+01	-2.636491e+02
7.100000e-07	-7.784282e-09	-1.033416e-09	-4.743474e+01	-2.620905e+02
7.200000e-07	-7.737736e-09	-1.029143e-09	-4.715110e+01	-2.605155e+02
7.300000e-07	-7.690744e-09	-1.022030e-09	-4.686475e+01	-2.589232e+02
7.400000e-07	-7.643310e-09	-1.014377e-09	-4.657570e+01	-2.573126e+02
7.500000e-07	-7.595379e-09	-1.009522e-09	-4.628363e+01	-2.556829e+02
7.600000e-07	-7.546842e-09	-1.004398e-09	-4.598786e+01	-2.540334e+02
7.700000e-07	-7.497605e-09	-9.970265e-10	-4.568783e+01	-2.523633e+02
7.800000e-07	-7.447661e-09	-9.890707e-10	-4.538350e+01	-2.506720e+02
7.900000e-07	-7.396994e-09	-9.823301e-10	-4.507476e+01	-2.489589e+02
8.000000e-07	-7.345578e-09	-9.770121e-10	-4.476145e+01	-2.472237e+02
8.100000e-07	-7.293483e-09	-9.708508e-10	-4.444401e+01	-2.454661e+02
8.200000e-07	-7.240833e-09	-9.636922e-10	-4.412318e+01	-2.436859e+02
8.300000e-07	-7.187648e-09	-9.570195e-10	-4.379909e+01	-2.418831e+02
8.400000e-07	-7.133912e-09	-9.498702e-10	-4.347164e+01	-2.400577e+02
8.500000e-07	-7.079654e-09	-9.410208e-10	-4.314101e+01	-2.382100e+02
8.600000e-07	-7.024939e-09	-9.330108e-10	-4.280759e+01	-2.363403e+02
8.700000e-07	-6.969848e-09	-9.260333e-10	-4.247189e+01	-2.344488e+02
8.800000e-07	-6.914397e-09	-9.180422e-10	-4.213399e+01	-2.325361e+02
8.900000e-07	-6.858538e-09	-9.110667e-10	-4.179360e+01	-2.306027e+02
9.000000e-07	-6.802216e-09	-9.059269e-10	-4.145039e+01	-2.286491e+02
9.100000e-07	-6.745368e-09	-8.993785e-10	-4.110398e+01	-2.266759e+02
9.200000e-07	-6.687951e-09	-8.909120e-10	-4.075411e+01	-2.246837e+02
9.300000e-07	-6.629922e-09	-8.827752e-10	-4.040051e+01	-2.226731e+02
9.400000e-07	-6.571251e-09	-8.745002e-10	-4.004299e+01	-2.206447e+02
9.500000e-07	-6.511974e-09	-8.659110e-10	-3.968178e+01	-2.185990e+02
9.600000e-07	-6.452183e-09	-8.585153e-10	-3.931743e+01	-2.165366e+02
9.700000e-07	-6.391989e-09	-8.514140e-10	-3.895063e+01	-2.144579e+02
9.800000e-07	-6.331426e-09	-8.431853e-10	-3.858157e+01	-2.123634e+02
9.900000e-07	-6.270471e-09	-8.351905e-10	-3.821013e+01	-2.102535e+02
1.000000e-06	-6.209103e-09	-8.273863e-10	-3.783618e+01	-2.081284e+02
1.010000e-06	-6.147318e-09	-8.183891e-10	-3.745969e+01	-2.059886e+02
1.020000e-06	-6.085163e-09	-8.091207e-10	-3.708094e+01	-2.038341e+02
1.030000e-06	-6.022672e-09	-8.011446e-10	-3.670014e+01	-2.016653e+02
1.040000e-06	-5.959821e-09	-7.934132e-10	-3.631715e+01	-1.994822e+02
1.050000e-06	-5.896565e-09	-7.847478e-10	-3.593169e+01	-1.972850e+02
1.060000e-06	-5.832889e-09	-7.756235e-10	-3.554366e+01	-1.950738e+02
1.070000e-06	-5.768774e-09	-7.668353e-10	-3.515297e+01	-1.928486e+02
1.080000e-06	-5.704194e-09	-7.581631e-10	-3.475944e+01	-1.906096e+02
1.090000e-06	-5.639147e-09	-7.495675e-10	-3.436307e+01	-1.883568e+02
1.100000e-06	-5.573648e-09	-7.410473e-10	-3.396395e+01	-1.860904e+02
1.110000e-06	-5.507723e-09	-7.322404e-10	-3.356222e+01	-1.838106e+02
1.120000e-06	-5.441391e-09	-7.234509e-10	-3.315803e+01	-1.815174e+02
1.130000e-06	-5.374661e-09	-7.151082e-10	-3.275140e+01	-1.792112e+02
1.140000e-06	-5.307546e-09	-7.063339e-10	-3.234242e+01	-1.768922e+02
1.150000e-06	-5.240055e-09	-6.967445e-10	-3.193116e+01	-1.745607e+02
1.160000e-06	-5.172204e-09	-6.871985e-10	-3.151769e+01	-1.722171e+02
1.170000e-06	-5.104026e-09	-6.781536e-10	-3.110224e+01	-1.698619e+02
1.180000e-06	-5.035522e-09	-6.691911e-10	-3.068480e+01	-1.674956e+02
1.190000e-06	-4.966703e-09	-6.603351e-10	-3.026544e+01	-1.651186e+02
1.200000e-06	-4.897546e-09	-6.514817e-10	-2.984402e+01	-1.627315e+02
1.210000e-06	-4.827994e-09	-6.419485e-10	-2.942019e+01	-1.603350e+02
1.220000e-06	-4.758056e-09	-6.321024e-10	-2.899402e+01	-1.579296e+02
1.230000e-06	-4.687770e-09	-6.224089e-10	-2.856572e+01	-1.555161e+02
1.240000e-06	-4.617175e-09	-6.123920e-10	-2.813554e+01	-1.530951e+02
1.250000e-06	-4.546301e-09	-6.022183e-10	-2.770365e+01	-1.506671e+02
1.260000e-06	-4.475142e-09	-5.927802e-10	-2.727004e+01	-1.482329e+02
1.270000e-06	-4.403689e-09	-5.831817e-10	-2.683463e+01	-1.457930e+02
1.280000e-06	-4.331926e-09	-5.733870e-10	-2.639733e+01	-1.433480e+02
1.290000e-06	-4.259855e-09	-5.641863e-10	-2.595815e+01	-1.408983e+02
1.300000e-06	-4.187488e-09	-5.546492e-10	-2.551717e+01	-1.384445e+02
1.310000e-06	-4.114805e-09	-5.446468e-10	-2.507427e+01	-1.359867e+02
1.320000e-06	-4.041791e-09	-5.352667e-10	-2.462935e+01	-1.335254e+02
1.330000e-06	-3.968439e-09	-5.257225e-10	-2.418238e+01	-1.310607e+02
1.340000e-06	-3.894731e-09	-5.154421e-10	-2.373323e+01	-1.285928e+02
1.350000e-06	-3.820662e-09	-5.052272e-10	-2.328189e+01	-1.261215e+02
1.360000e-06	-3.746228e-09	-4.950538e-10	-2.282832e+01	-1.236470e+02
1.370000e-06	-3.671445e-09	-4.842559e-10	-2.237262e+01	-1.211690e+02
1.380000e-06	-3.596356e-09	-4.735045e-10	-2.191506e+01	-1.186873e+02
1.390000e-06	-3.520977e-09	-4.635861e-10	-2.145573e+01	-1.162017e+02
1.400000e-06	-3.445324e-09	-4.537719e-10	-2.099473e+01	-1.137118e+02
1.410000e-06	-3.369425e-09	-4.438003e-10	-2.053223e+01	-1.112172e+02
1.420000e-06	-3.293283e-09	-4.341944e-10	-2.006824e+01	-1.087174e+02
1.430000e-06	-3.216897e-09	-4.242430e-10	-1.960277e+01	-1.062120e+02
1.440000e-06	-3.140279e-09	-4.135379e-10	-1.913589e+01	-1.037006e+02
1.450000e-06	-3.063414e-09	-4.028351e-10	-1.866750e+01	-1.011827e+02
1.460000e-06	-2.986289e-09	-3.922534e-10	-1.819753e+01	-9.865780e+01
1.470000e-06	-2.908917e-09	-3.817657e-10	-1.772606e+01	-9.612552e+01
1.480000e-06	-2.831278e-09	-3.715203e-10	-1.725295e+01	-9.358550e+01
1.490000e-06	-2.753349e-09	-3.612758e-10	-1.677808e+01	-9.103740e+01
1.500000e-06	-2.675172e-09	-3.508023e-10	-1.630171e+01	-8.848098e+01
1.510000e-06	-2.596762e-09	-3.406451e-10	-1.582391e+01	-8.591605e+01
1.520000e-06	-2.518132e-09	-3.309597e-10	-1.534477e+01	-8.334251e+01
1.530000e-06	-2.439333e-09	-3.207997e-10	-1.486460e+01	-8.076034e+01
1.540000e-06	-2.360385e-09	-3.097359e-10	-1.438353e+01	-7.816961e+01
1.550000e-06	-2.281292e-09	-2.990717e-10	-1.390156e+01	-7.557047e+01
1.560000e-06	-2.202051e-09	-2.894237e-10	-1.341870e+01	-7.296317e+01
1.570000e-06	-2.122663e-09	-2.799131e-10	-1.293494e+01	-7.034803e+01
1.580000e-06	-2.043132e-09	-2.701928e-10	-1.245031e+01	-6.772544e+01
1.590000e-06	-1.963418e-09	-2.603855e-10	-1.196456e+01	-6.509587e+01
1.600000e-06	-1.883520e-09	-2.501984e-10	-1.147769e+01	-6.245985e+01
1.610000e-06	-1.803468e-09	-2.400624e-10	-1.098989e+01	-5.981794e+01
1.620000e-06	-1.723266e-09	-2.306410e-10	-1.050116e+01	-5.717077e+01
1.630000e-06	-1.642891e-09	-2.209476e-10	-1.001139e+01	-5.451897e+01
1.640000e-06	-1.562350e-09	-2.102386e-10	-9.520603e+00	-5.186319e+01
1.650000e-06	-1.481698e-09	-1.994571e-10	-9.029139e+00	-4.920409e+01
1.660000e-06	-1.400965e-09	-1.890123e-10	-8.537181e+00	-4.654230e+01
1.670000e-06	-1.320152e-09	-1.786564e-10	-8.044730e+00	-4.387845e+01
1.680000e-06	-1.239272e-09	-1.686428e-10	-7.551874e+00	-4.121311e+01
1.690000e-06	-1.158344e-09	-1.589988e-10	-7.058728e+00	-3.854684e+01
1.700000e-06	-1.077346e-09	-1.493176e-10	-6.565152e+00	-3.588011e+01
1.710000e-06	-9.962617e-10	-1.394497e-10	-6.071055e+00	-3.321337e+01
1.720000e-06	-9.150849e-10	-1.295553e-10	-5.576391e+00	-3.054698e+01
1.730000e-06	-8.338104e-10	-1.194434e-10	-5.081132e+00	-2.788126e+01
1.740000e-06	-7.524454e-10	-1.087508e-10	-4.585321e+00	-2.521643e+01
1.750000e-06	-6.710020e-10	-9.786479e-11	-4.089032e+00	-2.255268e+01
1.760000e-06	-5.894859e-10	-8.731853e-11	-3.592299e+00	-1.989012e+01
1.770000e-06	-5.079222e-10	-7.705566e-11	-3.095277e+00	-1.722882e+01
1.780000e-06	-4.263261e-10	-6.695648e-11	-2.598057e+00	-1.456877e+01
1.790000e-06	-3.447006e-10	-5.705811e-11	-2.100659e+00	-1.190995e+01
1.800000e-06	-2.630953e-10	-4.732300e-11	-1.603384e+00	-9.252292e+00
1.810000e-06	-1.815346e-10	-3.740183e-11	-1.106380e+00	-6.595704e+00
1.820000e-06	-9.998782e-11	-2.726862e-11	-6.094611e-01	-3.940088e+00
1.830000e-06	-1.845304e-11	-1.693582e-11	-1.126155e-01	-1.285341e+00
1.840000e-06	6.307099e-11	-6.466361e-12	3.841644e-01	1.368628e+00
1.850000e-06	1.446070e-10	4.040413e-12	8.810178e-01	4.021890e+00
1.860000e-06	2.261502e-10	1.475868e-11	1.377915e+00	6.674486e+00
1.870000e-06	3.076867e-10	2.548015e-11	1.874771e+00	9.326417e+00
1.880000e-06	3.892292e-10	3.586665e-11	2.371664e+00	1.197764e+01
1.890000e-06	4.707802e-10	4.593550e-11	2.868608e+00	1.462804e+01
1.900000e-06	5.523022e-10	5.594644e-11	3.365376e+00	1.727748e+01
1.910000e-06	6.337772e-10	6.623848e-11	3.861858e+00	1.992572e+01
1.920000e-06	7.151903e-10	7.678401e-11	4.357962e+00	2.257248e+01
1.930000e-06	7.965210e-10	8.733552e-11	4.853564e+00	2.521741e+01
1.940000e-06	8.777470e-10	9.784019e-11	5.348528e+00	2.786011e+01
1.950000e-06	9.588623e-10	1.084076e-10	5.842817e+00	3.050010e+01
1.960000e-06	1.039865e-09	1.191410e-10	6.336417e+00	3.313688e+01
1.970000e-06	1.120760e-09	1.296786e-10	6.829369e+00	3.576988e+01
1.980000e-06	1.201562e-09	1.397300e-10	7.321747e+00	3.839851e+01
1.990000e-06	1.282268e-09	1.494592e-10	7.813543e+00	4.102216e+01
2.000000e-06	1.362901e-09	1.591786e-10	8.304890e+00	4.364020e+01
2.010000e-06	1.443462e-09	1.692244e-10	8.795803e+00	4.625199e+01
2.020000e-06	1.523944e-09	1.795452e-10	9.286229e+00	4.885692e+01
2.030000e-06	1.604321e-09	1.900254e-10	9.776023e+00	5.145440e+01
2.040000e-06	1.684580e-09	2.008603e-10	1.026509e+01	5.404384e+01
2.050000e-06	1.764707e-09	2.118630e-10	1.075336e+01	5.662474e+01
2.060000e-06	1.844661e-09	2.226587e-10	1.124057e+01	5.919662e+01
2.070000e-06	1.924442e-09	2.329943e-10	1.172673e+01	6.175908e+01
2.080000e-06	2.004049e-09	2.427788e-10	1.221182e+01	6.431179e+01
2.090000e-06	2.083481e-09	2.523249e-10	1.269585e+01	6.685447e+01
2.100000e-06	2.162725e-09	2.620391e-10	1.317873e+01	6.938694e+01
2.110000e-06	2.241772e-09	2.720655e-10	1.366041e+01	7.190910e+01
2.120000e-06	2.320649e-09	2.823574e-10	1.414106e+01	7.442093e+01
2.130000e-06	2.399368e-09	2.927149e-10	1.462074e+01	7.692248e+01
2.140000e-06	2.477908e-09	3.028321e-10	1.509934e+01	7.941387e+01
2.150000e-06	2.556272e-09	3.125623e-10	1.557685e+01	8.189530e+01
2.160000e-06	2.634477e-09	3.220904e-10	1.605340e+01	8.436702e+01
2.170000e-06	2.712478e-09	3.315511e-10	1.652872e+01	8.682936e+01
2.180000e-06	2.790242e-09	3.410177e-10	1.700258e+01	8.928266e+01
2.190000e-06	2.867781e-09	3.508186e-10	1.747508e+01	9.172732e+01
2.200000e-06	2.945087e-09	3.608388e-10	1.794615e+01	9.416373e+01
2.210000e-06	3.022148e-09	3.707602e-10	1.841573e+01	9.659233e+01
2.220000e-06	3.098972e-09	3.805690e-10	1.888387e+01	9.901353e+01
2.230000e-06	3.175552e-09	3.901006e-10	1.935052e+01	1.014277e+02
2.240000e-06	3.251866e-09	3.992782e-10	1.981555e+01	1.038353e+02
2.250000e-06	3.327899e-09	4.083417e-10	2.027888e+01	1.062366e+02
2.260000e-06	3.403651e-09	4.172809e-10	2.074048e+01	1.086320e+02
2.270000e-06	3.479127e-09	4.262417e-10	2.120041e+01	1.110217e+02
2.280000e-06	3.554333e-09	4.356678e-10	2.165868e+01	1.134059e+02
2.290000e-06	3.629254e-09	4.455625e-10	2.211522e+01	1.157847e+02
2.300000e-06	3.703880e-09	4.554418e-10	2.256996e+01	1.181583e+02
2.310000e-06	3.778180e-09	4.648378e-10	2.302271e+01	1.205266e+02
2.320000e-06	3.852157e-09	4.739728e-10	2.347350e+01	1.228895e+02
2.330000e-06	3.925828e-09	4.831689e-10	2.392242e+01	1.252471e+02
2.340000e-06	3.999159e-09	4.923329e-10	2.436927e+01	1.275990e+02
2.350000e-06	4.072142e-09	5.014625e-10	2.481400e+01	1.299451e+02
2.360000e-06	4.144775e-09	5.102296e-10	2.525660e+01	1.322851e+02
2.370000e-06	4.217031e-09	5.186691e-10	2.569690e+01	1.346187e+02
2.380000e-06	4.288917e-09	5.274662e-10	2.613495e+01	1.369455e+02
2.390000e-06	4.360470e-09	5.366631e-10	2.657097e+01	1.392651e+02
2.400000e-06	4.431725e-09	5.458840e-10	2.700518e+01	1.415772e+02
2.410000e-06	4.502717e-09	5.548721e-10	2.743778e+01	1.438815e+02
2.420000e-06	4.573450e-09	5.638237e-10	2.786881e+01	1.461774e+02
2.430000e-06	4.643908e-09	5.730186e-10	2.829816e+01	1.484646e+02
2.440000e-06	4.714066e-09	5.823499e-10	2.872567e+01	1.507427e+02
2.450000e-06	4.783888e-09	5.915692e-10	2.915114e+01	1.530115e+02
2.460000e-06	4.853368e-09	6.005957e-10	2.957454e+01	1.552707e+02
2.470000e-06	4.922495e-09	6.094064e-10	2.999577e+01	1.575198e+02
2.480000e-06	4.991292e-09	6.182352e-10	3.041500e+01	1.597588e+02
2.490000e-06	5.059779e-09	6.270763e-10	3.083234e+01	1.619874e+02
2.500000e-06	5.127927e-09	6.354952e-10	3.124761e+01	1.642055e+02
2.510000e-06	5.195716e-09	6.437070e-10	3.166069e+01	1.664129e+02
2.520000e-06	5.263113e-09	6.523128e-10	3.207139e+01	1.686096e+02
2.530000e-06	5.330109e-09	6.614322e-10	3.247964e+01	1.707954e+02
2.540000e-06	5.396705e-09	6.704932e-10	3.288545e+01	1.729705e+02
2.550000e-06	5.462894e-09	6.790753e-10	3.328878e+01	1.751346e+02
2.560000e-06	5.528668e-09	6.873773e-10	3.368958e+01	1.772879e+02
2.570000e-06	5.594012e-09	6.958558e-10	3.408776e+01	1.794302e+02
2.580000e-06	5.658917e-09	7.045102e-10	3.448327e+01	1.815617e+02
2.590000e-06	5.723374e-09	7.132496e-10	3.487605e+01	1.836822e+02
2.600000e-06	5.787380e-09	7.220526e-10	3.526608e+01	1.857917e+02
2.610000e-06	5.850946e-09	7.308953e-10	3.565343e+01	1.878902e+02
2.620000e-06	5.914126e-09	7.398294e-10	3.603843e+01	1.899775e+02
2.630000e-06	5.976949e-09	7.486296e-10	3.642126e+01	1.920534e+02
2.640000e-06	6.039397e-09	7.570746e-10	3.680179e+01	1.941179e+02
2.650000e-06	6.101435e-09	7.651242e-10	3.717984e+01	1.961706e+02
2.660000e-06	6.163048e-09	7.729436e-10	3.755529e+01	1.982113e+02
2.670000e-06	6.224269e-09	7.807540e-10	3.792835e+01	2.002397e+02
2.680000e-06	6.285137e-09	7.888967e-10	3.829926e+01	2.022554e+02
2.690000e-06	6.345662e-09	7.973516e-10	3.866808e+01	2.042580e+02
2.700000e-06	6.405823e-09	8.057067e-10	3.903468e+01	2.062471e+02
2.710000e-06	6.465564e-09	8.139463e-10	3.939873e+01	2.082223e+02
2.720000e-06	6.524835e-09	8.221590e-10	3.975991e+01	2.101830e+02
2.730000e-06	6.583583e-09	8.303154e-10	4.011790e+01	2.121289e+02
2.740000e-06	6.641747e-09	8.383760e-10	4.047232e+01	2.140595e+02
2.750000e-06	6.699297e-09	8.461057e-10	4.082301e+01	2.159742e+02
2.760000e-06	6.756237e-09	8.534650e-10	4.116998e+01	2.178727e+02
2.770000e-06	6.812604e-09	8.609057e-10	4.151346e+01	2.197545e+02
2.780000e-06	6.868451e-09	8.686991e-10	4.185377e+01	2.216194e+02
2.790000e-06	6.923834e-09	8.766182e-10	4.219126e+01	2.234668e+02
2.800000e-06	6.978798e-09	8.842408e-10	4.252619e+01	2.252967e+02
2.810000e-06	7.033350e-09	8.915310e-10	4.285862e+01	2.271087e+02
2.820000e-06	7.087460e-09	8.988578e-10	4.318835e+01	2.289028e+02
2.830000e-06	7.141094e-09	9.061423e-10	4.351517e+01	2.306789e+02
2.840000e-06	7.194245e-09	9.130942e-10	4.383906e+01	2.324370e+02
2.850000e-06	7.246897e-09	9.198539e-10	4.415990e+01	2.341771e+02
2.860000e-06	7.298998e-09	9.268388e-10	4.447739e+01	2.358994e+02
2.870000e-06	7.350462e-09	9.340101e-10	4.479099e+01	2.376041e+02
2.880000e-06	7.401181e-09	9.408600e-10	4.510005e+01	2.392914e+02
2.890000e-06	7.451124e-09	9.472867e-10	4.540439e+01	2.409617e+02
2.900000e-06	7.500348e-09	9.537338e-10	4.570434e+01	2.426153e+02
2.910000e-06	7.548917e-09	9.604432e-10	4.600030e+01	2.442525e+02
2.920000e-06	7.596895e-09	9.669328e-10	4.629267e+01	2.458739e+02
2.930000e-06	7.644364e-09	9.732494e-10	4.658193e+01	2.474796e+02
2.940000e-06	7.691367e-09	9.798552e-10	4.686835e+01	2.490703e+02
2.950000e-06	7.737873e-09	9.863009e-10	4.715174e+01	2.506461e+02
2.960000e-06	7.783849e-09	9.922861e-10	4.743190e+01	2.522075e+02
2.970000e-06	7.829290e-09	9.982631e-10	4.770881e+01	2.537547e+02
2.980000e-06	7.874228e-09	1.004409e-09	4.798264e+01	2.552880e+02
2.990000e-06	7.918691e-09	1.010599e-09	4.825359e+01	2.568075e+02
3.000000e-06	7.962698e-09	1.016922e-09	4.852176e+01	2.583134e+02
3.010000e-06	8.006252e-09	1.023046e-09	4.878716e+01	2.598057e+02
3.020000e-06	8.049243e-09	1.028697e-09	4.904913e+01	2.612842e+02
3.030000e-06	8.091508e-09	1.034247e-09	4.930668e+01	2.627489e+02
3.040000e-06	8.132967e-09	1.039935e-09	4.955931e+01	2.641995e+02
3.050000e-06	8.173675e-09	1.045633e-09	4.980737e+01	2.656357e+02
3.060000e-06	8.213763e-09	1.051340e-09	5.005166e+01	2.670571e+02
3.070000e-06	8.253338e-09	1.057195e-09	5.029282e+01	2.684632e+02
3.080000e-06	8.292434e-09	1.062965e-09	5.053106e+01	2.698536e+02
3.090000e-06	8.331016e-09	1.068256e-09	5.076616e+01	2.712276e+02
3.100000e-06	8.369032e-09	1.073298e-09	5.099782e+01	2.725847e+02
3.110000e-06	8.406438e-09	1.078490e-09	5.122576e+01	2.739242e+02
3.120000e-06	8.443257e-09	1.083590e-09	5.145013e+01	2.752455e+02
3.130000e-06	8.479569e-09	1.088588e-09	5.167140e+01	2.765478e+02
3.140000e-06	8.515418e-09	1.093656e-09	5.188985e+01	2.778307e+02
3.150000e-06	8.550764e-09	1.098693e-09	5.210524e+01	2.790934e+02
3.160000e-06	8.585426e-09	1.103735e-09	5.231646e+01	2.803355e+02
3.170000e-06	8.619234e-09	1.108857e-09	5.252248e+01	2.815564e+02
3.180000e-06	8.652201e-09	1.113845e-09	5.272336e+01	2.827558e+02
3.190000e-06	8.684463e-09	1.118492e-09	5.291996e+01	2.839331e+02
3.200000e-06	8.716188e-09	1.122950e-09	5.311328e+01	2.850883e+02
3.210000e-06	8.747412e-09	1.127455e-09	5.330355e+01	2.862210e+02
3.220000e-06	8.778090e-09	1.132147e-09	5.349049e+01	2.873311e+02
3.230000e-06	8.808179e-09	1.136901e-09	5.367385e+01	2.884187e+02
3.240000e-06	8.837650e-09	1.141167e-09	5.385343e+01	2.894838e+02
3.250000e-06	8.866519e-09	1.145359e-09	5.402935e+01	2.905265e+02
3.260000e-06	8.894851e-09	1.150222e-09	5.420200e+01	2.915469e+02
3.270000e-06	8.922731e-09	1.155188e-09	5.437190e+01	2.925454e+02
3.280000e-06	8.950105e-09	1.159366e-09	5.453870e+01	2.935221e+02
3.290000e-06	8.976732e-09	1.162765e-09	5.470096e+01	2.944774e+02
3.300000e-06	9.002409e-09	1.166109e-09	5.485743e+01	2.954116e+02
3.310000e-06	9.027170e-09	1.169538e-09	5.500832e+01	2.963249e+02
3.320000e-06	9.051218e-09	1.173499e-09	5.515486e+01	2.972175e+02
3.330000e-06	9.074675e-09	1.178065e-09	5.529780e+01	2.980898e+02
3.340000e-06	9.097540e-09	1.182523e-09	5.543713e+01	2.989417e+02
3.350000e-06	9.119802e-09	1.186701e-09	5.557278e+01	2.997734e+02
3.360000e-06	9.141473e-09	1.190466e-09	5.570484e+01	3.005848e+02
3.370000e-06	9.162536e-09	1.193581e-09	5.583320e+01	3.013758e+02
3.380000e-06	9.183005e-09	1.196014e-09	5.595793e+01	3.021460e+02
3.390000e-06	9.202998e-09	1.198047e-09	5.607976e+01	3.028952e+02
3.400000e-06	9.222541e-09	1.200411e-09	5.619885e+01	3.036227e+02
3.410000e-06	9.241487e-09	1.203667e-09	5.631431e+01	3.043279e+02
3.420000e-06	9.259684e-09	1.207542e-09	5.642519e+01	3.050102e+02
3.430000e-06	9.277141e-09	1.211101e-09	5.653157e+01	3.056686e+02
3.440000e-06	9.293976e-09	1.213720e-09	5.663415e+01	3.063022e+02
3.450000e-06	9.310172e-09	1.215944e-09	5.673285e+01	3.069099e+02
3.460000e-06	9.325581e-09	1.218124e-09	5.682675e+01	3.074906e+02
3.470000e-06	9.340173e-09	1.219833e-09	5.691567e+01	3.080433e+02
3.480000e-06	9.354049e-09	1.220929e-09	5.700023e+01	3.085668e+02
3.490000e-06	9.367245e-09	1.222088e-09	5.708064e+01	3.090599e+02
3.500000e-06	9.379776e-09	1.224006e-09	5.715700e+01	3.095216e+02
3.510000e-06	9.391685e-09	1.226592e-09	5.722957e+01	3.099509e+02
3.520000e-06	9.402897e-09	1.228897e-09	5.729789e+01	3.103469e+02
3.530000e-06	9.413194e-09	1.230119e-09	5.736064e+01	3.107087e+02
3.540000e-06	9.422445e-09	1.230622e-09	5.741702e+01	3.110359e+02
3.550000e-06	9.430842e-09	1.231034e-09	5.746819e+01	3.113280e+02
3.560000e-06	9.438654e-09	1.231425e-09	5.751579e+01	3.115848e+02
3.570000e-06	9.445914e-09	1.231785e-09	5.756003e+01	3.118063e+02
3.580000e-06	9.452518e-09	1.232271e-09	5.760028e+01	3.119928e+02
3.590000e-06	9.458450e-09	1.233170e-09	5.763643e+01	3.121449e+02
3.600000e-06	9.463717e-09	1.234493e-09	5.766852e+01	3.122634e+02
3.610000e-06	9.468334e-09	1.235364e-09	5.769666e+01	3.123493e+02
3.620000e-06	9.472435e-09	1.235232e-09	5.772165e+01	3.124041e+02
3.630000e-06	9.476087e-09	1.234586e-09	5.774391e+01	3.124292e+02
3.640000e-06	9.479124e-09	1.234074e-09	5.776241e+01	3.124266e+02
3.650000e-06	9.481269e-09	1.233950e-09	5.777549e+01	3.123983e+02
3.660000e-06	9.482423e-09	1.233794e-09	5.778252e+01	3.123466e+02
3.670000e-06	9.482787e-09	1.232816e-09	5.778474e+01	3.122738e+02
3.680000e-06	9.482601e-09	1.231802e-09	5.778361e+01	3.121826e+02
3.690000e-06	9.481867e-09	1.232187e-09	5.777914e+01	3.120755e+02
3.700000e-06	9.480490e-09	1.233237e-09	5.777075e+01	3.119552e+02
3.710000e-06	9.478508e-09	1.233581e-09	5.775867e+01	3.118243e+02
3.720000e-06	9.475968e-09	1.231951e-09	5.774320e+01	3.116856e+02
3.730000e-06	9.472835e-09	1.229593e-09	5.772411e+01	3.115414e+02
3.740000e-06	9.469175e-09	1.226513e-09	5.770180e+01	3.113942e+02
3.750000e-06	9.465144e-09	1.215026e-09	5.767724e+01	3.112462e+02
3.760000e-06	9.460704e-09	1.212249e-09	5.765019e+01	3.110993e+02
3.770000e-06	9.455435e-09	1.259687e-09	5.761808e+01	3.109552e+02
3.780000e-06	9.448729e-09	1.299317e-09	5.757722e+01	3.108153e+02
3.790000e-06	9.440391e-09	1.222637e-09	5.752641e+01	3.106805e+02
3.800000e-06	9.431040e-09	1.122816e-09	5.746944e+01	3.105517e+02
3.810000e-06	9.421635e-09	1.178080e-09	5.741212e+01	3.104290e+02
3.820000e-06	9.412313e-09	1.289965e-09	5.735532e+01	3.103124e+02
3.830000e-06	9.402289e-09	1.233548e-09	5.729424e+01	3.102012e+02
3.840000e-06	9.391345e-09	1.137982e-09	5.722755e+01	3.100947e+02
3.850000e-06	9.380007e-09	1.233161e-09	5.715846e+01	3.099914e+02
3.860000e-06	9.368071e-09	1.302991e-09	5.708573e+01	3.098896e+02
3.870000e-06	9.355014e-09	1.174388e-09	5.700617e+01	3.097873e+02
3.880000e-06	9.341178e-09	1.139821e-09	5.692186e+01	3.096821e+02
3.890000e-06	9.326775e-09	1.253795e-09	5.683410e+01	3.095713e+02
3.900000e-06	9.311485e-09	1.221066e-09	5.674093e+01	3.094519e+02
3.910000e-06	9.295485e-09	1.150245e-09	5.664343e+01	3.093207e+02
3.920000e-06	9.279014e-09	1.262996e-09	5.654307e+01	3.091745e+02
3.930000e-06	9.261796e-09	1.301992e-09	5.643814e+01	3.090097e+02
3.940000e-06	9.243763e-09	1.193780e-09	5.632826e+01	3.088229e+02
3.950000e-06	9.225120e-09	1.233298e-09	5.621466e+01	3.086106e+02
3.960000e-06	9.205827e-09	1.289334e-09	5.609709e+01	3.083692e+02
3.970000e-06	9.185940e-09	1.170925e-09	5.597590e+01	3.080955e+02
3.980000e-06	9.165602e-09	1.153481e-09	5.585197e+01	3.077863e+02
3.990000e-06	9.144600e-09	1.237018e-09	5.572399e+01	3.074385e+02
4.000000e-06	9.122735e-09	1.164982e-09	5.559076e+01	3.070495e+02
4.010000e-06	9.100064e-09	1.127309e-09	5.545261e+01	3.066167e+02
4.020000e-06	9.076625e-09	1.235323e-09	5.530979e+01	3.061380e+02
4.030000e-06	9.052554e-09	1.230002e-09	5.516311e+01	3.056117e+02
4.040000e-06	9.027973e-09	1.159763e-09	5.501332e+01	3.050363e+02
4.050000e-06	9.002790e-09	1.190529e-09	5.485986e+01	3.044109e+02
4.060000e-06	8.976961e-09	1.228525e-09	5.470247e+01	3.037347e+02
4.070000e-06	8.950480e-09	1.218366e-09	5.454111e+01	3.030077e+02
4.080000e-06	8.923304e-09	1.186262e-09	5.437550e+01	3.022298e+02
4.090000e-06	8.895510e-09	1.190759e-09	5.420614e+01	3.014018e+02
4.100000e-06	8.867161e-09	1.220267e-09	5.403339e+01	3.005244e+02
4.110000e-06	8.838174e-09	1.175958e-09	5.385676e+01	2.995989e+02
4.120000e-06	8.808442e-09	1.146605e-09	5.367559e+01	2.986268e+02
4.130000e-06	8.777894e-09	1.196920e-09	5.348944e+01	2.976100e+02
4.140000e-06	8.746580e-09	1.188226e-09	5.329863e+01	2.965505e+02
4.150000e-06	8.714646e-09	1.141493e-09	5.310403e+01	2.954504e+02
4.160000e-06	8.682190e-09	1.168888e-09	5.290626e+01	2.943122e+02
4.170000e-06	8.649181e-09	1.186369e-09	5.270511e+01	2.931383e+02
4.180000e-06	8.615567e-09	1.139458e-09	5.250028e+01	2.919312e+02
4.190000e-06	8.581372e-09	1.128850e-09	5.229191e+01	2.906935e+02
4.200000e-06	8.546603e-09	1.154525e-09	5.208004e+01	2.894275e+02
4.210000e-06	8.511269e-09	1.136730e-09	5.186473e+01	2.881358e+02
4.220000e-06	8.475392e-09	1.118726e-09	5.164610e+01	2.868206e+02
4.230000e-06	8.438917e-09	1.135882e-09	5.142384e+01	2.854841e+02
4.240000e-06	8.401744e-09	1.132080e-09	5.119732e+01	2.841282e+02
4.250000e-06	8.363791e-09	1.109919e-09	5.096606e+01	2.827547e+02
4.260000e-06	8.325054e-09	1.105832e-09	5.073001e+01	2.813651e+02
4.270000e-06	8.285647e-09	1.106572e-09	5.048988e+01	2.799608e+02
4.280000e-06	8.245703e-09	1.096872e-09	5.024648e+01	2.785429e+02
4.290000e-06	8.205275e-09	1.086230e-09	5.000012e+01	2.771121e+02
4.300000e-06	8.164336e-09	1.086653e-09	4.975066e+01	2.756690e+02
4.310000e-06	8.122858e-09	1.087403e-09	4.949790e+01	2.742141e+02
4.320000e-06	8.080820e-09	1.077222e-09	4.924174e+01	2.727473e+02
4.330000e-06	8.038217e-09	1.068164e-09	4.898213e+01	2.712686e+02
4.340000e-06	7.995062e-09	1.063731e-09	4.871916e+01	2.697777e+02
4.350000e-06	7.951395e-09	1.054885e-09	4.845307e+01	2.682742e+02
4.360000e-06	7.907234e-09	1.046408e-09	4.818397e+01	2.667574e+02
4.370000e-06	7.862541e-09	1.045468e-09	4.791162e+01	2.652266e+02
4.380000e-06	7.817279e-09	1.041553e-09	4.763581e+01	2.636810e+02
4.390000e-06	7.771465e-09	1.028677e-09	4.735664e+01	2.621198e+02
4.400000e-06	7.725141e-09	1.020307e-09	4.707436e+01	2.605420e+02
4.410000e-06	7.678342e-09	1.018205e-09	4.678919e+01	2.589468e+02
4.420000e-06	7.631052e-09	1.011037e-09	4.650102e+01	2.573332e+02
4.430000e-06	7.583222e-09	1.000957e-09	4.620956e+01	2.557003e+02
4.440000e-06	7.534814e-09	9.949302e-10	4.591458e+01	2.540475e+02
4.450000e-06	7.485764e-09	9.909001e-10	4.561569e+01	2.523740e+02
4.460000e-06	7.436027e-09	9.843151e-10	4.531262e+01	2.506792e+02
4.470000e-06	7.385650e-09	9.764346e-10	4.500564e+01	2.489625e+02
4.480000e-06	7.334731e-09	9.690746e-10	4.469536e+01	2.472237e+02
4.490000e-06	7.283259e-09	9.607032e-10	4.438170e+01	2.454624e+02
4.500000e-06	7.231134e-09	9.520283e-10	4.406407e+01	2.436785e+02
4.510000e-06	7.178287e-09	9.462732e-10	4.374205e+01	2.418721e+02
4.520000e-06	7.124727e-09	9.428181e-10	4.341568e+01	2.400431e+02
4.530000e-06	7.070514e-09	9.361467e-10	4.308533e+01	2.381918e+02
4.540000e-06	7.015710e-09	9.254682e-10	4.275138e+01	2.363185e+02
4.550000e-06	6.960394e-09	9.170723e-10	4.241431e+01	2.344235e+02
4.560000e-06	6.904630e-09	9.108916e-10	4.207450e+01	2.325074e+02
4.570000e-06	6.848407e-09	9.018844e-10	4.173190e+01	2.305707e+02
4.580000e-06	6.791720e-09	8.923698e-10	4.138647e+01	2.286139e+02
4.590000e-06	6.734570e-09	8.859592e-10	4.103821e+01	2.266375e+02
4.600000e-06	6.676929e-09	8.799807e-10	4.068697e+01	2.246423e+02
4.610000e-06	6.618783e-09	8.728471e-10	4.033265e+01	2.226287e+02
4.620000e-06	6.560156e-09	8.650739e-10	3.997540e+01	2.205974e+02
4.630000e-06	6.501082e-09	8.556190e-10	3.961542e+01	2.185489e+02
4.640000e-06	6.441581e-09	8.460779e-10	3.925284e+01	2.164838e+02
4.650000e-06	6.381638e-09	8.387801e-10	3.888757e+01	2.144025e+02
4.660000e-06	6.321229e-09	8.313285e-10	3.851946e+01	2.123055e+02
4.670000e-06	6.260364e-09	8.224471e-10	3.814857e+01	2.101930e+02
4.680000e-06	6.199055e-09	8.143527e-10	3.777498e+01	2.080655e+02
4.690000e-06	6.137313e-09	8.065774e-10	3.739875e+01	2.059233e+02
4.700000e-06	6.075116e-09	7.978310e-10	3.701975e+01	2.037664e+02
4.710000e-06	6.012434e-09	7.891728e-10	3.663779e+01	2.015952e+02
4.720000e-06	5.949241e-09	7.806005e-10	3.625272e+01	1.994098e+02
4.730000e-06	5.885543e-09	7.711875e-10	3.586456e+01	1.972103e+02
4.740000e-06	5.821364e-09	7.622610e-10	3.547348e+01	1.949967e+02
4.750000e-06	5.756752e-09	7.545706e-10	3.507975e+01	1.927693e+02
4.760000e-06	5.691753e-09	7.463445e-10	3.468367e+01	1.905280e+02
4.770000e-06	5.626378e-09	7.363200e-10	3.428530e+01	1.882730e+02
4.780000e-06	5.560629e-09	7.262553e-10	3.388465e+01	1.860043e+02
4.790000e-06	5.494498e-09	7.178798e-10	3.348167e+01	1.837223e+02
4.800000e-06	5.428018e-09	7.097075e-10	3.307657e+01	1.814269e+02
4.810000e-06	5.361245e-09	7.005657e-10	3.266967e+01	1.791186e+02
4.820000e-06	5.294175e-09	6.912454e-10	3.226097e+01	1.767975e+02
4.830000e-06	5.226806e-09	6.816931e-10	3.185044e+01	1.744640e+02
4.840000e-06	5.159124e-09	6.720229e-10	3.143801e+01	1.721184e+02
4.850000e-06	5.091091e-09	6.629779e-10	3.102344e+01	1.697613e+02
4.860000e-06	5.022685e-09	6.542781e-10	3.060660e+01	1.673931e+02
4.870000e-06	4.953865e-09	6.448334e-10	3.018724e+01	1.650144e+02
4.880000e-06	4.884631e-09	6.354726e-10	2.976535e+01	1.626257e+02
4.890000e-06	4.815001e-09	6.271950e-10	2.934106e+01	1.602277e+02
4.900000e-06	4.744968e-09	6.184102e-10	2.891431e+01	1.578209e+02
4.910000e-06	4.674550e-09	6.080320e-10	2.848521e+01	1.554060e+02
4.920000e-06	4.603768e-09	5.971448e-10	2.805389e+01	1.529838e+02
4.930000e-06	4.532626e-09	5.871200e-10	2.762038e+01	1.505547e+02
4.940000e-06	4.461137e-09	5.781151e-10	2.718475e+01	1.481195e+02
4.950000e-06	4.389315e-09	5.697613e-10	2.674709e+01	1.456787e+02
4.960000e-06	4.317188e-09	5.613311e-10	2.630758e+01	1.432328e+02
4.970000e-06	4.244801e-09	5.519002e-10	2.586648e+01	1.407823e+02
4.980000e-06	4.172162e-09	5.415642e-10	2.542384e+01	1.383278e+02
4.990000e-06	4.099276e-09	5.317389e-10	2.497969e+01	1.358694e+02
5.000000e-06	4.026137e-09	5.224364e-10	2.453401e+01	1.334074e+02
5.010000e-06	3.952718e-09	5.123094e-10	2.408661e+01	1.309421e+02
5.020000e-06	3.879002e-09	5.016916e-10	2.363742e+01	1.284735e+02
5.030000e-06	3.805003e-09	4.922192e-10	2.318649e+01	1.260017e+02
5.040000e-06	3.730724e-09	4.837242e-10	2.273386e+01	1.235266e+02
5.050000e-06	3.656169e-09	4.748452e-10	2.227955e+01	1.210480e+02
5.060000e-06	3.581360e-09	4.649990e-10	2.182369e+01	1.185656e+02
5.070000e-06	3.506321e-09	4.546093e-10	2.136643e+01	1.160793e+02
5.080000e-06	3.431072e-09	4.443887e-10	2.090789e+01	1.135885e+02
5.090000e-06	3.355588e-09	4.346084e-10	2.044792e+01	1.110930e+02
5.100000e-06	3.279851e-09	4.250882e-10	1.998640e+01	1.085924e+02
5.110000e-06	3.203854e-09	4.152399e-10	1.952331e+01	1.060860e+02
5.120000e-06	3.127588e-09	4.050741e-10	1.905858e+01	1.035735e+02
5.130000e-06	3.051049e-09	3.955404e-10	1.859218e+01	1.010544e+02
5.140000e-06	2.974214e-09	3.866699e-10	1.812398e+01	9.852832e+01
5.150000e-06	2.897064e-09	3.772545e-10	1.765386e+01	9.599477e+01
5.160000e-06	2.819617e-09	3.666012e-10	1.718193e+01	9.345340e+01
5.170000e-06	2.741900e-09	3.555076e-10	1.670836e+01	9.090393e+01
5.180000e-06	2.663946e-09	3.452313e-10	1.623334e+01	8.834609e+01
5.190000e-06	2.585788e-09	3.359935e-10	1.575708e+01	8.577972e+01
5.200000e-06	2.507456e-09	3.268444e-10	1.527975e+01	8.320474e+01
5.210000e-06	2.428960e-09	3.169932e-10	1.480143e+01	8.062113e+01
5.220000e-06	2.350310e-09	3.067954e-10	1.432217e+01	7.802897e+01
5.230000e-06	2.271502e-09	2.965804e-10	1.384195e+01	7.542844e+01
5.240000e-06	2.192524e-09	2.861686e-10	1.336069e+01	7.281979e+01
5.250000e-06	2.113364e-09	2.746041e-10	1.287831e+01	7.020336e+01
5.260000e-06	2.034006e-09	2.630092e-10	1.239474e+01	6.757955e+01
5.270000e-06	1.954459e-09	2.531384e-10	1.191001e+01	6.494883e+01
5.280000e-06	1.874716e-09	2.439779e-10	1.142408e+01	6.231175e+01
5.290000e-06	1.794772e-09	2.341754e-10	1.093693e+01	5.966888e+01
5.300000e-06	1.714657e-09	2.239455e-10	1.044874e+01	5.702085e+01
5.310000e-06	1.634406e-09	2.128424e-10	9.959716e+00	5.436829e+01
5.320000e-06	1.554040e-09	2.008783e-10	9.469995e+00	5.171185e+01
5.330000e-06	1.473566e-09	1.893132e-10	8.979610e+00	4.905219e+01
5.340000e-06	1.393005e-09	1.786591e-10	8.488696e+00	4.638995e+01
5.350000e-06	1.312410e-09	1.684343e-10	7.997575e+00	4.372573e+01
5.360000e-06	1.231773e-09	1.583887e-10	7.506198e+00	4.106013e+01
5.370000e-06	1.151069e-09	1.489891e-10	7.014415e+00	3.839366e+01
5.380000e-06	1.070306e-09	1.394608e-10	6.522274e+00	3.572682e+01
5.390000e-06	9.894728e-10	1.286239e-10	6.029698e+00	3.306002e+01
5.400000e-06	9.085699e-10	1.166661e-10	5.536702e+00	3.039364e+01
5.410000e-06	8.276001e-10	1.049747e-10	5.043297e+00	2.772795e+01
5.420000e-06	7.465615e-10	9.398221e-11	4.549474e+00	2.506320e+01
5.430000e-06	6.654610e-10	8.378827e-11	4.055273e+00	2.239955e+01
5.440000e-06	5.842997e-10	7.415541e-11	3.560703e+00	1.973710e+01
5.450000e-06	5.030973e-10	6.429466e-11	3.065882e+00	1.707591e+01
5.460000e-06	4.218748e-10	5.373785e-11	2.570938e+00	1.441598e+01
5.470000e-06	3.406430e-10	4.281243e-11	2.075937e+00	1.175727e+01
5.480000e-06	2.594165e-10	3.194952e-11	1.580969e+00	9.099699e+00
5.490000e-06	1.782085e-10	2.123748e-11	1.086113e+00	6.443190e+00
5.500000e-06	9.700847e-11	1.079593e-11	5.913048e-01	3.787636e+00
5.510000e-06	1.581475e-11	6.904306e-13	9.653577e-02	1.132936e+00
5.520000e-06	-6.536452e-11	-9.482085e-12	-3.981453e-01	-1.520998e+00
5.530000e-06	-1.465362e-10	-2.012651e-11	-8.927799e-01	-4.174234e+00
5.540000e-06	-2.277167e-10	-3.099014e-11	-1.387469e+00	-6.826807e+00
5.550000e-06	-3.089072e-10	-4.180579e-11	-1.882217e+00	-9.478711e+00
5.560000e-06	-3.900916e-10	-5.256229e-11	-2.376930e+00	-1.212989e+01
5.570000e-06	-4.712707e-10	-6.321719e-11	-2.871609e+00	-1.478024e+01
5.580000e-06	-5.524293e-10	-7.382860e-11	-3.366164e+00	-1.742958e+01
5.590000e-06	-6.335633e-10	-8.436675e-11	-3.860569e+00	-2.007768e+01
5.600000e-06	-7.146638e-10	-9.463638e-11	-4.354771e+00	-2.272426e+01
5.610000e-06	-7.956886e-10	-1.048967e-10	-4.848510e+00	-2.536895e+01
5.620000e-06	-8.766360e-10	-1.153939e-10	-5.341779e+00	-2.801132e+01
5.630000e-06	-9.575020e-10	-1.261479e-10	-5.834551e+00	-3.065092e+01
5.640000e-06	-1.038270e-09	-1.368056e-10	-6.326727e+00	-3.328721e+01
5.650000e-06	-1.118959e-09	-1.470077e-10	-6.818421e+00	-3.591964e+01
5.660000e-06	-1.199573e-09	-1.567748e-10	-7.309656e+00	-3.854760e+01
5.670000e-06	-1.280120e-09	-1.666954e-10	-7.800483e+00	-4.117047e+01
5.680000e-06	-1.360599e-09	-1.771647e-10	-8.290893e+00	-4.378764e+01
5.690000e-06	-1.440994e-09	-1.878364e-10	-8.780796e+00	-4.639846e+01
5.700000e-06	-1.521305e-09	-1.982732e-10	-9.270187e+00	-4.900232e+01
5.710000e-06	-1.601526e-09	-2.087223e-10	-9.759025e+00	-5.159863e+01
5.720000e-06	-1.681636e-09	-2.191425e-10	-1.024719e+01	-5.418682e+01
5.730000e-06	-1.761608e-09	-2.290741e-10	-1.073451e+01	-5.676639e+01
5.740000e-06	-1.841419e-09	-2.385755e-10	-1.122085e+01	-5.933687e+01
5.750000e-06	-1.921038e-09	-2.480729e-10	-1.170602e+01	-6.189788e+01
5.760000e-06	-2.000440e-09	-2.581834e-10	-1.218987e+01	-6.444907e+01
5.770000e-06	-2.079633e-09	-2.688975e-10	-1.267244e+01	-6.699021e+01
5.780000e-06	-2.158618e-09	-2.796990e-10	-1.315374e+01	-6.952113e+01
5.790000e-06	-2.237414e-09	-2.895125e-10	-1.363389e+01	-7.204172e+01
5.800000e-06	-2.316051e-09	-2.984186e-10	-1.411307e+01	-7.455198e+01
5.810000e-06	-2.394521e-09	-3.075497e-10	-1.459124e+01	-7.705197e+01
5.820000e-06	-2.472810e-09	-3.171117e-10	-1.506830e+01	-7.954183e+01
5.830000e-06	-2.550913e-09	-3.271001e-10	-1.554423e+01	-8.202177e+01
5.840000e-06	-2.628838e-09	-3.373791e-10	-1.601907e+01	-8.449206e+01
5.850000e-06	-2.706575e-09	-3.478865e-10	-1.649277e+01	-8.695301e+01
5.860000e-06	-2.784088e-09	-3.581724e-10	-1.696510e+01	-8.940498e+01
5.870000e-06	-2.861330e-09	-3.676795e-10	-1.743578e+01	-9.184837e+01
5.880000e-06	-2.938271e-09	-3.761234e-10	-1.790463e+01	-9.428359e+01
5.890000e-06	-3.014928e-09	-3.840415e-10	-1.837174e+01	-9.671105e+01
5.900000e-06	-3.091282e-09	-3.926969e-10	-1.883701e+01	-9.913119e+01
5.910000e-06	-3.167337e-09	-4.025688e-10	-1.930047e+01	-1.015444e+02
5.920000e-06	-3.243119e-09	-4.135499e-10	-1.976225e+01	-1.039510e+02
5.930000e-06	-3.318617e-09	-4.246282e-10	-2.022231e+01	-1.063515e+02
5.940000e-06	-3.393884e-09	-4.344900e-10	-2.068096e+01	-1.087460e+02
5.950000e-06	-3.468935e-09	-4.429459e-10	-2.113830e+01	-1.111349e+02
5.960000e-06	-3.543762e-09	-4.507891e-10	-2.159427e+01	-1.135183e+02
5.970000e-06	-3.618357e-09	-4.587913e-10	-2.204883e+01	-1.158964e+02
5.980000e-06	-3.692699e-09	-4.668520e-10	-2.250184e+01	-1.182692e+02
5.990000e-06	-3.766771e-09	-4.752011e-10	-2.295321e+01	-1.206367e+02
6.000000e-06	-3.840563e-09	-4.848267e-10	-2.340287e+01	-1.229989e+02
6.010000e-06	-3.914089e-09	-4.957632e-10	-2.385091e+01	-1.253557e+02
6.020000e-06	-3.987357e-09	-5.065023e-10	-2.429739e+01	-1.277068e+02
6.030000e-06	-4.060375e-09	-5.156339e-10	-2.474233e+01	-1.300520e+02
6.040000e-06	-4.133141e-09	-5.234983e-10	-2.518575e+01	-1.323911e+02
6.050000e-06	-4.205644e-09	-5.312227e-10	-2.562756e+01	-1.347237e+02
6.060000e-06	-4.277868e-09	-5.393996e-10	-2.606767e+01	-1.370495e+02
6.070000e-06	-4.349802e-09	-5.480748e-10	-2.650601e+01	-1.393680e+02
6.080000e-06	-4.421432e-09	-5.570573e-10	-2.694250e+01	-1.416790e+02
6.090000e-06	-4.492733e-09	-5.663208e-10	-2.737699e+01	-1.439820e+02
6.100000e-06	-4.563697e-09	-5.761409e-10	-2.780942e+01	-1.462767e+02
6.110000e-06	-4.634316e-09	-5.859462e-10	-2.823974e+01	-1.485626e+02
6.120000e-06	-4.704572e-09	-5.947432e-10	-2.866786e+01	-1.508393e+02
6.130000e-06	-4.774466e-09	-6.027195e-10	-2.909376e+01	-1.531067e+02
6.140000e-06	-4.843979e-09	-6.108286e-10	-2.951735e+01	-1.553643e+02
6.150000e-06	-4.913091e-09	-6.196573e-10	-2.993849e+01	-1.576120e+02
6.160000e-06	-4.981780e-09	-6.289310e-10	-3.035706e+01	-1.598494e+02
6.170000e-06	-5.050051e-09	-6.379966e-10	-3.077308e+01	-1.620764e+02
6.180000e-06	-5.117938e-09	-6.465530e-10	-3.118676e+01	-1.642929e+02
6.190000e-06	-5.185458e-09	-6.549434e-10	-3.159821e+01	-1.664987e+02
6.200000e-06	-5.252659e-09	-6.637787e-10	-3.200771e+01	-1.686937e+02
6.210000e-06	-5.319577e-09	-6.727887e-10	-3.241549e+01	-1.708779e+02
6.220000e-06	-5.386190e-09	-6.812001e-10	-3.282140e+01	-1.730513e+02
6.230000e-06	-5.452455e-09	-6.891219e-10	-3.322520e+01	-1.752138e+02
6.240000e-06	-5.518347e-09	-6.973958e-10	-3.362673e+01	-1.773654e+02
6.250000e-06	-5.583871e-09	-7.059941e-10	-3.402601e+01	-1.795061e+02
6.260000e-06	-5.649042e-09	-7.141712e-10	-3.442314e+01	-1.816359e+02
6.270000e-06	-5.713850e-09	-7.217600e-10	-3.481806e+01	-1.837547e+02
6.280000e-06	-5.778291e-09	-7.293035e-10	-3.521074e+01	-1.858626e+02
6.290000e-06	-5.842334e-09	-7.372960e-10	-3.560100e+01	-1.879593e+02
6.300000e-06	-5.905923e-09	-7.458253e-10	-3.598849e+01	-1.900449e+02
6.310000e-06	-5.969052e-09	-7.544737e-10	-3.637318e+01	-1.921191e+02
6.320000e-06	-6.031697e-09	-7.625600e-10	-3.675491e+01	-1.941818e+02
6.330000e-06	-6.093846e-09	-7.705078e-10	-3.713362e+01	-1.962327e+02
6.340000e-06	-6.155503e-09	-7.786066e-10	-3.750934e+01	-1.982715e+02
6.350000e-06	-6.216677e-09	-7.862675e-10	-3.788211e+01	-2.002980e+02
6.360000e-06	-6.277387e-09	-7.936057e-10	-3.825205e+01	-2.023117e+02
6.370000e-06	-6.337636e-09	-8.009829e-10	-3.861920e+01	-2.043123e+02
6.380000e-06	-6.397455e-09	-8.084540e-10	-3.898371e+01	-2.062993e+02
6.390000e-06	-6.456873e-09	-8.161970e-10	-3.934579e+01	-2.082723e+02
6.400000e-06	-6.515890e-09	-8.242438e-10	-3.970542e+01	-2.102308e+02
6.410000e-06	-6.574461e-09	-8.318396e-10	-4.006233e+01	-2.121743e+02
6.420000e-06	-6.632538e-09	-8.387002e-10	-4.041623e+01	-2.141025e+02
6.430000e-06	-6.690111e-09	-8.454314e-10	-4.076706e+01	-2.160147e+02
6.440000e-06	-6.747219e-09	-8.521048e-10	-4.111506e+01	-2.179107e+02
6.450000e-06	-6.803901e-09	-8.588534e-10	-4.146047e+01	-2.197899e+02
6.460000e-06	-6.860135e-09	-8.659471e-10	-4.180314e+01	-2.216521e+02
6.470000e-06	-6.915879e-09	-8.733969e-10	-4.214282e+01	-2.234968e+02
6.480000e-06	-6.971107e-09	-8.810057e-10	-4.247936e+01	-2.253240e+02
6.490000e-06	-7.025771e-09	-8.885558e-10	-4.281246e+01	-2.271332e+02
6.500000e-06	-7.079814e-09	-8.956628e-10	-4.314178e+01	-2.289246e+02
6.510000e-06	-7.133217e-09	-9.019519e-10	-4.346719e+01	-2.306978e+02
6.520000e-06	-7.185993e-09	-9.079077e-10	-4.378880e+01	-2.324531e+02
6.530000e-06	-7.238160e-09	-9.141352e-10	-4.410668e+01	-2.341905e+02
6.540000e-06	-7.289753e-09	-9.204921e-10	-4.442107e+01	-2.359100e+02
6.550000e-06	-7.340799e-09	-9.269815e-10	-4.473213e+01	-2.376120e+02
6.560000e-06	-7.391249e-09	-9.340172e-10	-4.503955e+01	-2.392967e+02
6.570000e-06	-7.441021e-09	-9.411182e-10	-4.534285e+01	-2.409644e+02
6.580000e-06	-7.490089e-09	-9.475411e-10	-4.564185e+01	-2.426154e+02
6.590000e-06	-7.538462e-09	-9.536771e-10	-4.593661e+01	-2.442502e+02
6.600000e-06	-7.586150e-09	-9.597969e-10	-4.622720e+01	-2.458691e+02
6.610000e-06	-7.633219e-09	-9.656342e-10	-4.651403e+01	-2.474725e+02
6.620000e-06	-7.679788e-09	-9.716163e-10	-4.679780e+01	-2.490609e+02
6.630000e-06	-7.725905e-09	-9.781389e-10	-4.707883e+01	-2.506344e+02
6.640000e-06	-7.771571e-09	-9.844572e-10	-4.735710e+01	-2.521936e+02
6.650000e-06	-7.816775e-09	-9.898415e-10	-4.763256e+01	-2.537387e+02
6.660000e-06	-7.861514e-09	-9.948748e-10	-4.790519e+01	-2.552699e+02
6.670000e-06	-7.905795e-09	-1.000198e-09	-4.817502e+01	-2.567873e+02
6.680000e-06	-7.949605e-09	-1.005938e-09	-4.844199e+01	-2.582911e+02
6.690000e-06	-7.992944e-09	-1.011805e-09	-4.870608e+01	-2.597813e+02
6.700000e-06	-8.035786e-09	-1.017324e-09	-4.896715e+01	-2.612577e+02
6.710000e-06	-8.078069e-09	-1.023016e-09	-4.922481e+01	-2.627202e+02
6.720000e-06	-8.119770e-09	-1.029274e-09	-4.947892e+01	-2.641686e+02
6.730000e-06	-8.160915e-09	-1.035123e-09	-4.972965e+01	-2.656026e+02
6.740000e-06	-8.201544e-09	-1.039749e-09	-4.997723e+01	-2.670217e+02
6.750000e-06	-8.241701e-09	-1.043932e-09	-5.022193e+01	-2.684254e+02
6.760000e-06	-8.281388e-09	-1.048891e-09	-5.046378e+01	-2.698134e+02
6.770000e-06	-8.320505e-09	-1.054329e-09	-5.070214e+01	-2.711848e+02
6.780000e-06	-8.358903e-09	-1.059593e-09	-5.093612e+01	-2.725392e+02
6.790000e-06	-8.396507e-09	-1.064515e-09	-5.116527e+01	-2.738760e+02
6.800000e-06	-8.433377e-09	-1.069597e-09	-5.138994e+01	-2.751944e+02
6.810000e-06	-8.469637e-09	-1.075243e-09	-5.161089e+01	-2.764937e+02
6.820000e-06	-8.505367e-09	-1.080571e-09	-5.182863e+01	-2.777735e+02
6.830000e-06	-8.540550e-09	-1.084880e-09	-5.204302e+01	-2.790331e+02
6.840000e-06	-8.575131e-09	-1.088647e-09	-5.225374e+01	-2.802719e+02
6.850000e-06	-8.609093e-09	-1.092744e-09	-5.246070e+01	-2.814895e+02
6.860000e-06	-8.642436e-09	-1.097406e-09	-5.266388e+01	-2.826855e+02
6.870000e-06	-8.675192e-09	-1.102378e-09	-5.286349e+01	-2.838594e+02
6.880000e-06	-8.707435e-09	-1.107260e-09	-5.305997e+01	-2.850111e+02
6.890000e-06	-8.739181e-09	-1.111962e-09	-5.325341e+01	-2.861403e+02
6.900000e-06	-8.770283e-09	-1.116664e-09	-5.344294e+01	-2.872469e+02
6.910000e-06	-8.800551e-09	-1.121385e-09	-5.362738e+01	-2.883310e+02
6.920000e-06	-8.829955e-09	-1.125691e-09	-5.380656e+01	-2.893926e+02
6.930000e-06	-8.858612e-09	-1.129251e-09	-5.398118e+01	-2.904318e+02
6.940000e-06	-8.886700e-09	-1.132389e-09	-5.415235e+01	-2.914488e+02
6.950000e-06	-8.914300e-09	-1.135940e-09	-5.432053e+01	-2.924439e+02
6.960000e-06	-8.941310e-09	-1.140074e-09	-5.448512e+01	-2.934173e+02
6.970000e-06	-8.967660e-09	-1.144232e-09	-5.464569e+01	-2.943693e+02
6.980000e-06	-8.993331e-09	-1.148233e-09	-5.480212e+01	-2.953002e+02
6.990000e-06	-9.018336e-09	-1.152117e-09	-5.495450e+01	-2.962102e+02
7.000000e-06	-9.042781e-09	-1.155753e-09	-5.510346e+01	-2.970997e+02
7.010000e-06	-9.066776e-09	-1.158964e-09	-5.524968e+01	-2.979688e+02
7.020000e-06	-9.090253e-09	-1.161759e-09	-5.539274e+01	-2.988176e+02
7.030000e-06	-9.112976e-09	-1.164453e-09	-5.553120e+01	-2.996461e+02
7.040000e-06	-9.134772e-09	-1.167383e-09	-5.566402e+01	-3.004544e+02
7.050000e-06	-9.155698e-09	-1.170572e-09	-5.579153e+01	-3.012421e+02
7.060000e-06	-9.175996e-09	-1.173612e-09	-5.591523e+01	-3.020091e+02
7.070000e-06	-9.195812e-09	-1.176184e-09	-5.603598e+01	-3.027549e+02
7.080000e-06	-9.215062e-09	-1.178616e-09	-5.615329e+01	-3.034790e+02
7.090000e-06	-9.233669e-09	-1.181158e-09	-5.626667e+01	-3.041807e+02
7.100000e-06	-9.251645e-09	-1.183905e-09	-5.637621e+01	-3.048593e+02
7.110000e-06	-9.268968e-09	-1.186694e-09	-5.648177e+01	-3.055139e+02
7.120000e-06	-9.285661e-09	-1.189155e-09	-5.658349e+01	-3.061435e+02
7.130000e-06	-9.301850e-09	-1.191464e-09	-5.668215e+01	-3.067471e+02
7.140000e-06	-9.317519e-09	-1.193667e-09	-5.677763e+01	-3.073235e+02
7.150000e-06	-9.332398e-09	-1.195534e-09	-5.686830e+01	-3.078717e+02
7.160000e-06	-9.346233e-09	-1.197022e-09	-5.695260e+01	-3.083905e+02
7.170000e-06	-9.359099e-09	-1.198352e-09	-5.703101e+01	-3.088788e+02
7.180000e-06	-9.371255e-09	-1.200204e-09	-5.710508e+01	-3.093355e+02
7.190000e-06	-9.382786e-09	-1.202427e-09	-5.717535e+01	-3.097596e+02
7.200000e-06	-9.393648e-09	-1.204088e-09	-5.724154e+01	-3.101503e+02
7.210000e-06	-9.403859e-09	-1.205417e-09	-5.730376e+01	-3.105067e+02
7.220000e-06	-9.413404e-09	-1.207054e-09	-5.736192e+01	-3.108284e+02
7.230000e-06	-9.422253e-09	-1.208780e-09	-5.741585e+01	-3.111150e+02
7.240000e-06	-9.430550e-09	-1.210305e-09	-5.746641e+01	-3.113662e+02
7.250000e-06	-9.438387e-09	-1.211382e-09	-5.751417e+01	-3.115822e+02
7.260000e-06	-9.445570e-09	-1.211826e-09	-5.755794e+01	-3.117633e+02
7.270000e-06	-9.451832e-09	-1.211984e-09	-5.759610e+01	-3.119101e+02
7.280000e-06	-9.457114e-09	-1.212352e-09	-5.762828e+01	-3.120234e+02
7.290000e-06	-9.461643e-09	-1.212703e-09	-5.765588e+01	-3.121044e+02
7.300000e-06	-9.465669e-09	-1.213218e-09	-5.768042e+01	-3.121544e+02
7.310000e-06	-9.469180e-09	-1.214219e-09	-5.770182e+01	-3.121751e+02
7.320000e-06	-9.472061e-09	-1.215128e-09	-5.771937e+01	-3.121683e+02
7.330000e-06	-9.474339e-09	-1.215728e-09	-5.773325e+01	-3.121362e+02
7.340000e-06	-9.475988e-09	-1.216327e-09	-5.774331e+01	-3.120810e+02
7.350000e-06	-9.476899e-09	-1.216816e-09	-5.774886e+01	-3.120052e+02
